-5.15876 1.82434 -1.00286 0.131305 -0.177365 -0.00738503 -0.122014 0.0344154 
1.82434 -3.03196 2.24938 -0.519731 0.319771 0.040745 0.21304 -0.117957 
-1.00286 2.24938 -3.76801 2.07131 -0.843185 -0.0637563 -0.391735 0.278934 
0.131305 -0.519731 2.07131 -3.00957 2.25684 -0.227196 0.534882 -0.354846 
-0.177365 0.319771 -0.843185 2.25684 -3.83629 1.7971 -1.02198 0.490626 
-0.00738503 0.040745 -0.0637563 -0.227196 1.7971 -2.72675 2.15775 -0.0930947 
-0.122014 0.21304 -0.391735 0.534882 -1.02198 2.15775 -3.46083 -0.930162 
0.0344154 -0.117957 0.278934 -0.354846 0.490626 -0.0930947 -0.930162 -1.30363 


-6.66518 1.71526 -0.616347 0.29508 -0.0647095 0.083307 0.00484545 0.024014 
1.71526 -4.55198 1.96151 -0.957134 0.129108 -0.16826 -0.0468808 -0.0504306 
-0.616347 1.96151 -3.06816 2.11778 -0.46491 0.23594 0.102531 0.110868 
0.29508 -0.957134 2.11778 -3.65068 2.0152 -0.679459 -0.161373 -0.265865 
-0.0647095 0.129108 -0.46491 2.0152 -2.85308 1.89281 -0.00225234 0.322622 
0.083307 -0.16826 0.23594 -0.679459 1.89281 -3.17899 1.19553 -0.577016 
0.00484545 -0.0468808 0.102531 -0.161373 -0.00225234 1.19553 -1.45879 0.764852 
0.024014 -0.0504306 0.110868 -0.265865 0.322622 -0.577016 0.764852 -0.86896 


-7.58233 1.48179 -0.409912 0.165092 -0.0703779 0.0161316 -0.0116864 0.00482604 
1.48179 -5.4491 1.6904 -0.6325 0.2068 -0.0105392 0.0300527 -0.0149775 
-0.409912 1.6904 -3.85342 1.83407 -0.645251 -0.00214032 -0.071349 0.0362795 
0.165092 -0.6325 1.83407 -3.04169 1.74066 -0.288109 0.119422 -0.0883118 
-0.0703779 0.2068 -0.645251 1.74066 -2.82596 1.44114 -0.258587 0.181015 
0.0161316 -0.0105392 -0.00214032 -0.288109 1.44114 -2.06931 0.908694 -0.146084 
-0.0116864 0.0300527 -0.071349 0.119422 -0.258587 0.908694 -1.1332 -0.234955 
0.00482604 -0.0149775 0.0362795 -0.0883118 0.181015 -0.146084 -0.234955 -0.340816 


-8.14372 1.20826 -0.267383 0.0784312 -0.0273682 0.00690388 0.000205795 0.000709863 
1.20826 -5.9537 1.40628 -0.360833 0.0968212 -0.0149737 -0.00285857 -0.0026384 
-0.267383 1.40628 -4.40277 1.38861 -0.391721 0.0540559 0.0157346 0.0105593 
0.0784312 -0.360833 1.38861 -3.03939 1.31531 -0.307281 -0.0460107 -0.0276114 
-0.0273682 0.0968212 -0.391721 1.31531 -2.36648 0.997079 -0.0176948 0.0396042 
0.00690388 -0.0149737 0.0540559 -0.307281 0.997079 -1.46788 0.478706 -0.0511016 
0.000205795 -0.00285857 0.0157346 -0.0460107 -0.0176948 0.478706 -0.687729 0.207949 
0.000709863 -0.0026384 0.0105593 -0.0276114 0.0396042 -0.0511016 0.207949 -0.234152 


-8.4769 0.948934 -0.15996 0.033902 -0.00779825 0.00127849 -5.16897e-05 3.68335e-05 
0.948934 -6.24192 1.09195 -0.195983 0.0351207 -0.00391861 -0.000195264 -9.7496e-05 
-0.15996 1.09195 -4.56846 1.00267 -0.189795 0.0203868 0.00154417 0.00054612 
0.033902 -0.195983 1.00267 -3.20959 0.89654 -0.141855 -0.000173807 -0.00502158 
-0.00779825 0.0351207 -0.189795 0.89654 -1.99897 0.524266 -0.049426 0.0188429 
0.00127849 -0.00391861 0.0203868 -0.141855 0.524266 -1.12057 0.301128 -0.0255012 
-5.16897e-05 -0.000195264 0.00154417 -0.000173807 -0.049426 0.301128 -0.530046 -0.0880405 
3.68335e-05 -9.7496e-05 0.00054612 -0.00502158 0.0188429 -0.0255012 -0.0880405 -0.149371 


-8.66867 0.725636 -0.0898733 0.0134558 -0.00178745 0.000177495 -4.61696e-06 -1.09999e-06 
0.725636 -6.39145 0.809948 -0.101778 0.0105994 -0.000734797 -1.16172e-05 5.99755e-06 
-0.0898733 0.809948 -4.61054 0.708381 -0.0784522 0.0053913 0.000121842 -4.75749e-05 
0.0134558 -0.101778 0.708381 -3.22258 0.519218 -0.0507855 0.00057224 0.000398584 
-0.00178745 0.0105994 -0.0784522 0.519218 -1.80984 0.287577 -0.0160264 -0.00152743 
0.000177495 -0.000734797 0.0053913 -0.0507855 0.287577 -1.02727 0.139347 -0.0010264 
-4.61696e-06 -1.16172e-05 0.000121842 0.00057224 -0.0160264 0.139347 -0.439132 0.0449046 
-1.09999e-06 5.99755e-06 -4.75749e-05 0.000398584 -0.00152743 -0.0010264 0.0449046 -0.126336 


-8.77635 0.545115 -0.0486236 0.00500552 -0.000371683 2.11271e-05 -2.66953e-07 1.83467e-08 
0.545115 -6.46291 0.585864 -0.0505826 0.00294996 -0.000117582 -7.10044e-07 -1.4376e-07 
-0.0486236 0.585864 -4.61641 0.487471 -0.0303884 0.00121913 9.67149e-06 1.58479e-06 
0.00500552 -0.0505826 0.487471 -3.16738 0.286374 -0.0162273 0.000113634 -1.76971e-05 
-0.000371683 0.00294996 -0.0303884 0.286374 -1.75061 0.160462 -0.00427922 0.000106106 
2.11271e-05 -0.000117582 0.00121913 -0.0162273 0.160462 -0.983442 0.0606203 0.000312729 
-2.66953e-07 -7.10044e-07 9.67149e-06 0.000113634 -0.00427922 0.0606203 -0.418404 -0.0144371 
1.83467e-08 -1.4376e-07 1.58479e-06 -1.76971e-05 0.000106106 0.000312729 -0.0144371 -0.12032 


-8.83573 0.405009 -0.0257389 0.00179308 -7.42485e-05 2.35649e-06 -1.3198e-08 -2.65966e-10 
0.405009 -6.49509 0.418185 -0.024451 0.000795539 -1.76717e-05 -4.66182e-08 2.83977e-09 
-0.0257389 0.418185 -4.61132 0.32988 -0.0115104 0.000259499 8.3511e-07 -4.39138e-08 
0.00179308 -0.024451 0.32988 -3.12104 0.157918 -0.00502852 1.66715e-05 7.06371e-07 
-7.42485e-05 0.000795539 -0.0115104 0.157918 -1.73331 0.0893582 -0.00106258 -7.46432e-06 
2.35649e-06 -1.76717e-05 0.000259499 -0.00502852 0.0893582 -0.965929 0.0260917 -4.22752e-05 
-1.3198e-08 -4.66182e-08 8.3511e-07 1.66715e-05 -0.00106258 0.0260917 -0.413727 0.00426084 
-2.65968e-10 2.83977e-09 -4.39138e-08 7.06371e-07 -7.46432e-06 -4.22752e-05 0.00426084 -0.119677 


-8.8681 0.298945 -0.0134595 0.000629719 -1.45831e-05 2.56605e-07 -6.20205e-10 3.67311e-12 
0.298945 -6.50887 0.296475 -0.0116492 0.000211968 -2.60365e-06 -3.09531e-09 -5.3218e-11 
-0.0134595 0.296475 -4.60463 0.221444 -0.00432966 5.42212e-05 7.51022e-08 1.16152e-09 
0.000629719 -0.0116492 0.221444 -3.094 0.0877536 -0.00155428 2.26657e-06 -2.75813e-08 
-1.45831e-05 0.000211968 -0.00432966 0.0877536 -1.72804 0.0496308 -0.000257028 5.22319e-07 
2.56605e-07 -2.60365e-06 5.42212e-05 -0.00155428 0.0496308 -0.959777 0.0112315 5.28062e-06 
-6.20208e-10 -3.09531e-09 7.51022e-08 2.26657e-06 -0.000257028 0.0112315 -0.412777 -0.00123928 
3.67466e-12 -5.32179e-11 1.16152e-09 -2.75813e-08 5.22319e-07 5.28062e-06 -0.00123928 -0.11962 


-8.88562 0.219822 -0.00699146 0.000218967 -2.84318e-06 2.77057e-08 -2.87677e-11 -4.83163e-14 
0.219822 -6.51443 0.20948 -0.00551187 5.62265e-05 -3.81736e-07 -2.0238e-10 9.82196e-13 
-0.00699146 0.20948 -4.59933 0.148164 -0.00162585 1.12816e-05 6.79757e-09 -3.03462e-11 
0.000218967 -0.00551187 0.148164 -3.0801 0.0490467 -0.00048187 3.03596e-07 1.07312e-09 
-2.84318e-06 5.62265e-05 -0.00162585 0.0490467 -1.72638 0.0275344 -6.16647e-05 -3.63488e-08 
2.77057e-08 -3.81736e-07 1.12816e-05 -0.00048187 0.0275344 -0.95775 0.00483923 -6.56846e-07 
-2.87715e-11 -2.0238e-10 6.79757e-09 3.03596e-07 -6.16647e-05 0.00483923 -0.412593 0.000359522 
-4.98802e-14 9.82069e-13 -3.03458e-11 1.07312e-09 -3.63488e-08 -6.56846e-07 0.000359522 -0.119615 


