Au départ A = C, où C est la matrice calculée à partir de la décomposition de Cholesky
-0.27 0.209141 -0.040003 0.0259954 0.0108393 0.0161959 0.0161236 0.0175307 
0.209141 -0.378 0.210018 -0.086893 -0.0175336 -0.0391116 -0.0367494 -0.0405787 
-0.040003 0.210018 -0.329927 0.252335 -0.0128071 0.0623717 0.0482854 0.056427 
0.0259954 -0.086893 0.252335 -0.427657 0.189392 -0.12646 -0.0565331 -0.0811972 
0.0108393 -0.0175336 -0.0128071 0.189392 -0.311949 0.258959 -0.00171141 0.0719598 
0.0161959 -0.0391116 0.0623717 -0.12646 0.258959 -0.451567 0.177471 -0.138322 
0.0161236 -0.0367494 0.0482854 -0.0565331 -0.00171141 0.177471 -0.330891 0.236307 
0.0175307 -0.0405787 0.056427 -0.0811972 0.0719598 -0.138322 0.236307 -0.421767 


Puis on affiche les matrices A à chaque itération de la décomposition de Schur

-0.573196 0.202704 -0.111429 0.0145894 -0.0197073 -0.000820559 -0.0135571 0.00382393 
0.202704 -0.336885 0.249931 -0.0577479 0.0355301 0.00452723 0.0236712 -0.0131064 
-0.111429 0.249931 -0.418668 0.230145 -0.0936872 -0.00708403 -0.0435261 0.0309927 
0.0145894 -0.0577479 0.230145 -0.334397 0.25076 -0.0252441 0.0594313 -0.0394273 
-0.0197073 0.0355301 -0.0936872 0.25076 -0.426255 0.199678 -0.113553 0.054514 
-0.000820559 0.00452723 -0.00708403 -0.0252441 0.199678 -0.302973 0.23975 -0.0103439 
-0.0135571 0.0236712 -0.0435261 0.0594313 -0.113553 0.23975 -0.384537 -0.103351 
0.00382393 -0.0131064 0.0309927 -0.0394273 0.054514 -0.0103439 -0.103351 -0.144848 


-0.740575 0.190585 -0.068483 0.0327867 -0.00718995 0.00925633 0.000538383 0.00266822 
0.190585 -0.505776 0.217946 -0.106348 0.0143453 -0.0186955 -0.00520897 -0.00560339 
-0.068483 0.217946 -0.340907 0.235309 -0.0516567 0.0262155 0.0113923 0.0123186 
0.0327867 -0.106348 0.235309 -0.405631 0.223911 -0.0754955 -0.0179303 -0.0295406 
-0.00718995 0.0143453 -0.0516567 0.223911 -0.317008 0.210312 -0.00025026 0.0358469 
0.00925633 -0.0186955 0.0262155 -0.0754955 0.210312 -0.353221 0.132837 -0.0641129 
0.000538383 -0.00520897 0.0113923 -0.0179303 -0.00025026 0.132837 -0.162088 0.0849835 
0.00266822 -0.00560339 0.0123186 -0.0295406 0.0358469 -0.0641129 0.0849835 -0.0965511 


-0.842481 0.164644 -0.0455458 0.0183436 -0.00781977 0.0017924 -0.00129849 0.000536227 
0.164644 -0.605456 0.187823 -0.0702778 0.0229777 -0.00117102 0.00333919 -0.00166417 
-0.0455458 0.187823 -0.428158 0.203786 -0.0716945 -0.000237814 -0.00792766 0.00403106 
0.0183436 -0.0702778 0.203786 -0.337965 0.193407 -0.0320121 0.0132691 -0.00981242 
-0.00781977 0.0229777 -0.0716945 0.193407 -0.313995 0.160127 -0.0287319 0.0201128 
0.0017924 -0.00117102 -0.000237814 -0.0320121 0.160127 -0.229923 0.100966 -0.0162316 
-0.00129849 0.00333919 -0.00792766 0.0132691 -0.0287319 0.100966 -0.125911 -0.0261061 
0.000536227 -0.00166417 0.00403106 -0.00981242 0.0201128 -0.0162316 -0.0261061 -0.0378685 


-0.904858 0.134251 -0.0297092 0.00871458 -0.00304092 0.000767098 2.28661e-05 7.88737e-05 
0.134251 -0.661522 0.156253 -0.0400926 0.0107579 -0.00166375 -0.000317619 -0.000293155 
-0.0297092 0.156253 -0.489197 0.15429 -0.0435246 0.00600622 0.00174829 0.00117325 
0.00871458 -0.0400926 0.15429 -0.33771 0.146145 -0.0341423 -0.0051123 -0.00306793 
-0.00304092 0.0107579 -0.0435246 0.146145 -0.262942 0.110787 -0.00196609 0.00440047 
0.000767098 -0.00166375 0.00600622 -0.0341423 0.110787 -0.163098 0.0531895 -0.00567795 
2.28661e-05 -0.000317619 0.00174829 -0.0051123 -0.00196609 0.0531895 -0.0764143 0.0231054 
7.88737e-05 -0.000293155 0.00117325 -0.00306793 0.00440047 -0.00567795 0.0231054 -0.0260169 


-0.941878 0.105437 -0.0177733 0.00376689 -0.000866473 0.000142055 -5.7433e-06 4.09262e-06 
0.105437 -0.693546 0.121328 -0.0217758 0.0039023 -0.000435401 -2.1696e-05 -1.08329e-05 
-0.0177733 0.121328 -0.507606 0.111408 -0.0210884 0.0022652 0.000171575 6.068e-05 
0.00376689 -0.0217758 0.111408 -0.356621 0.0996155 -0.0157616 -1.93118e-05 -0.000557954 
-0.000866473 0.0039023 -0.0210884 0.0996155 -0.222108 0.0582518 -0.00549178 0.00209365 
0.000142055 -0.000435401 0.0022652 -0.0157616 0.0582518 -0.124508 0.0334587 -0.00283347 
-5.7433e-06 -2.1696e-05 0.000171575 -1.93118e-05 -0.00549178 0.0334587 -0.058894 -0.00978228 
4.09262e-06 -1.08329e-05 6.068e-05 -0.000557954 0.00209365 -0.00283347 -0.00978228 -0.0165968 


-0.963186 0.0806263 -0.00998592 0.00149509 -0.000198606 1.97217e-05 -5.12996e-07 -1.22221e-07 
0.0806263 -0.710161 0.0899942 -0.0113087 0.00117772 -8.16441e-05 -1.29079e-06 6.66394e-07 
-0.00998592 0.0899942 -0.512282 0.078709 -0.00871691 0.000599033 1.3538e-05 -5.2861e-06 
0.00149509 -0.0113087 0.078709 -0.358065 0.0576909 -0.00564284 6.35823e-05 4.42872e-05 
-0.000198606 0.00117772 -0.00871691 0.0576909 -0.201093 0.031953 -0.00178071 -0.000169715 
1.97217e-05 -8.16441e-05 0.000599033 -0.00564284 0.031953 -0.114141 0.015483 -0.000114045 
-5.12996e-07 -1.29079e-06 1.3538e-05 6.35823e-05 -0.00178071 0.015483 -0.0487924 0.0049894 
-1.22221e-07 6.66394e-07 -5.2861e-06 4.42872e-05 -0.000169715 -0.000114045 0.0049894 -0.0140373 


-0.97515 0.0605683 -0.00540263 0.000556169 -4.12981e-05 2.34746e-06 -2.96615e-08 2.03853e-09 
0.0605683 -0.718101 0.065096 -0.00562029 0.000327773 -1.30646e-05 -7.88938e-08 -1.59734e-08 
-0.00540263 0.065096 -0.512935 0.0541634 -0.00337648 0.000135459 1.07461e-06 1.76088e-07 
0.000556169 -0.00562029 0.0541634 -0.351931 0.0318193 -0.00180303 1.2626e-05 -1.96634e-06 
-4.12981e-05 0.000327773 -0.00337648 0.0318193 -0.194512 0.0178291 -0.000475469 1.17895e-05 
2.34746e-06 -1.30646e-05 0.000135459 -0.00180303 0.0178291 -0.109271 0.00673559 3.47477e-05 
-2.96615e-08 -7.88938e-08 1.07461e-06 1.2626e-05 -0.000475469 0.00673559 -0.0464894 -0.00160412 
2.03853e-09 -1.59734e-08 1.76088e-07 -1.96634e-06 1.17895e-05 3.47477e-05 -0.00160412 -0.0133689 


-0.981748 0.045001 -0.00285988 0.000199231 -8.24983e-06 2.61833e-07 -1.46644e-09 -2.95522e-11 
0.045001 -0.721677 0.046465 -0.00271678 8.83933e-05 -1.96352e-06 -5.1798e-09 3.1553e-10 
-0.00285988 0.046465 -0.512369 0.0366533 -0.00127893 2.88332e-05 9.279e-08 -4.87931e-09 
0.000199231 -0.00271678 0.0366533 -0.346782 0.0175464 -0.000558725 1.85239e-06 7.84857e-08 
-8.24983e-06 8.83933e-05 -0.00127893 0.0175464 -0.19259 0.00992869 -0.000118064 -8.29369e-07 
2.61833e-07 -1.96352e-06 2.88332e-05 -0.000558725 0.00992869 -0.107325 0.00289908 -4.69725e-06 
-1.46644e-09 -5.1798e-09 9.279e-08 1.85239e-06 -0.000118064 0.00289908 -0.0459696 0.000473426 
-2.9552e-11 3.1553e-10 -4.87931e-09 7.84857e-08 -8.29369e-07 -4.69725e-06 0.000473426 -0.0132974 


-0.985345 0.0332162 -0.0014955 6.99687e-05 -1.62034e-06 2.85117e-08 -6.89117e-11 4.08501e-13 
0.0332162 -0.723208 0.0329416 -0.00129435 2.3552e-05 -2.89294e-07 -3.43923e-10 -5.91331e-12 
-0.0014955 0.0329416 -0.511626 0.0246049 -0.000481073 6.02457e-06 8.34468e-09 1.29058e-10 
6.99687e-05 -0.00129435 0.0246049 -0.343778 0.0097504 -0.000172698 2.51841e-07 -3.06459e-09 
-1.62034e-06 2.3552e-05 -0.000481073 0.0097504 -0.192005 0.00551453 -2.85587e-05 5.80354e-08 
2.85117e-08 -2.89294e-07 6.02457e-06 -0.000172698 0.00551453 -0.106642 0.00124795 5.86736e-07 
-6.8912e-11 -3.43923e-10 8.34468e-09 2.51841e-07 -2.85587e-05 0.00124795 -0.0458641 -0.000137698 
4.08296e-13 -5.9131e-12 1.29058e-10 -3.06459e-09 5.80354e-08 5.86736e-07 -0.000137698 -0.0132911 


-0.987291 0.0244247 -0.000776829 2.43297e-05 -3.15908e-07 3.07842e-09 -3.19648e-12 -5.75282e-15 
0.0244247 -0.723825 0.0232755 -0.00061243 6.24739e-06 -4.24151e-08 -2.24868e-11 1.09311e-13 
-0.000776829 0.0232755 -0.511037 0.0164626 -0.00018065 1.25351e-06 7.55286e-10 -3.37159e-12 
2.43297e-05 -0.00061243 0.0164626 -0.342233 0.00544964 -5.35411e-05 3.37329e-08 1.19236e-10 
-3.15908e-07 6.24739e-06 -0.00018065 0.00544964 -0.19182 0.00305938 -6.85164e-06 -4.03876e-09 
3.07842e-09 -4.24151e-08 1.25351e-06 -5.35411e-05 0.00305938 -0.106417 0.000537692 -7.29829e-08 
-3.19684e-12 -2.24867e-11 7.55286e-10 3.37329e-08 -6.85164e-06 0.000537692 -0.0458437 3.99468e-05 
-5.54224e-15 1.09119e-13 -3.37176e-12 1.19236e-10 -4.03876e-09 -7.29829e-08 3.99468e-05 -0.0132906 


-0.988339 0.0179214 -0.000402071 8.41879e-06 -6.13871e-08 3.31369e-10 -1.47593e-13 2.89549e-16 
0.0179214 -0.724054 0.0164191 -0.000288881 1.65467e-06 -6.21561e-09 -1.44969e-12 -2.18578e-15 
-0.000402071 0.0164191 -0.510644 0.011002 -6.78308e-05 2.6076e-07 6.82244e-11 8.76498e-14 
8.41879e-06 -0.000288881 0.011002 -0.341484 0.00305588 -1.66445e-05 4.51604e-09 -4.64054e-12 
-6.13871e-08 1.65467e-06 -6.78308e-05 0.00305588 -0.19176 0.00169665 -1.63977e-06 2.80353e-10 
3.31369e-10 -6.21561e-09 2.6076e-07 -1.66445e-05 0.00169665 -0.106345 0.000231778 9.10159e-09 
-1.47956e-13 -1.44954e-12 6.82243e-11 4.51604e-09 -1.63977e-06 0.000231778 -0.0458399 -1.15834e-05 
7.47417e-17 -2.00479e-15 8.78318e-14 -4.64072e-12 2.80353e-10 9.10159e-09 -1.15834e-05 -0.0132905 


-0.988903 0.0131337 -0.000207705 2.90624e-06 -1.19106e-08 3.56296e-11 -6.48126e-15 -2.18891e-16 
0.0131337 -0.724126 0.0115735 -0.000136085 4.3806e-07 -9.11281e-10 -9.27749e-14 2.0957e-16 
-0.000207705 0.0115735 -0.510405 0.00735023 -2.54764e-05 5.4275e-08 6.14818e-12 -2.09681e-15 
2.90624e-06 -0.000136085 0.00735023 -0.341131 0.00171645 -5.1829e-06 6.05613e-10 1.80573e-13 
-1.19106e-08 4.3806e-07 -2.54764e-05 0.00171645 -0.191741 0.000940807 -3.92154e-07 -1.94427e-11 
3.56292e-11 -9.11281e-10 5.4275e-08 -5.1829e-06 0.000940807 -0.106322 9.99277e-05 -1.13678e-09 
-6.8479e-15 -9.26324e-14 6.14808e-12 6.05613e-10 -3.92154e-07 9.99277e-05 -0.0458391 3.35855e-06 
-1.00549e-18 3.67921e-17 -2.28696e-15 1.80757e-13 -1.94427e-11 -1.13678e-09 3.35855e-06 -0.0132905 


-0.989205 0.00961853 -0.000107189 1.0021e-06 -2.30929e-09 3.82958e-12 5.186e-17 2.20107e-16 
0.00961853 -0.724139 0.00815509 -6.40717e-05 1.15966e-07 -1.33673e-10 -6.03118e-15 -1.67438e-16 
-0.000107189 0.00815509 -0.510266 0.00491036 -9.57124e-06 1.13028e-08 5.53332e-13 -1.35964e-16 
1.0021e-06 -6.40717e-05 0.00491036 -0.340968 0.000964888 -1.61531e-06 8.13233e-11 -6.86282e-15 
-2.30929e-09 1.15966e-07 -9.57124e-06 0.000964888 -0.191735 0.000521667 -9.37641e-08 1.34796e-12 
3.82918e-12 -1.33673e-10 1.13028e-08 -1.61531e-06 0.000521667 -0.106315 4.3085e-05 1.4207e-10 
-3.17052e-16 -5.89194e-15 5.53235e-13 8.13234e-11 -9.37641e-08 4.3085e-05 -0.045839 -9.73779e-07 
1.3514e-20 -6.75091e-19 5.95555e-17 -7.04432e-15 1.34794e-12 1.4207e-10 -9.73779e-07 -0.0132905 


-0.989367 0.00704154 -5.52867e-05 3.45342e-07 -4.47586e-10 4.11858e-13 3.55744e-16 -2.21675e-16 
0.00704154 -0.724133 0.00574548 -3.01604e-05 3.07004e-08 -1.96153e-11 -5.10623e-16 1.62396e-16 
-5.52867e-05 0.00574548 -0.510188 0.00328052 -3.59654e-06 2.35462e-09 4.98409e-14 1.97573e-16 
3.45342e-07 -3.01604e-05 0.00328052 -0.340894 0.000542612 -5.0365e-07 1.09288e-11 9.50702e-17 
-4.47586e-10 3.07004e-08 -3.59654e-06 0.000542612 -0.191733 0.000289256 -2.24176e-08 -9.34649e-14 
4.11455e-13 -1.96152e-11 2.35462e-09 -5.0365e-07 0.000289256 -0.106313 1.8577e-05 -1.77589e-11 
-1.46829e-17 -3.73863e-16 4.97459e-14 1.09288e-11 -2.24176e-08 1.8577e-05 -0.045839 2.82337e-07 
-1.81559e-22 1.23878e-20 -1.5512e-18 2.74608e-16 -9.34411e-14 -1.77589e-11 2.82337e-07 -0.0132905 


-0.989454 0.00515391 -2.85082e-05 1.18978e-07 -8.67366e-11 4.46117e-14 3.70788e-16 2.22812e-16 
0.00515391 -0.724124 0.00404758 -1.41964e-05 8.12799e-09 -2.87908e-12 -1.58582e-16 -1.59209e-16 
-2.85082e-05 0.00404758 -0.510146 0.00219175 -1.35162e-06 4.90621e-10 4.56575e-15 -2.01516e-16 
1.18978e-07 -1.41964e-05 0.00219175 -0.34086 0.000305196 -1.57069e-07 1.46924e-12 1.67507e-16 
-8.67366e-11 8.12799e-09 -1.35162e-06 0.000305196 -0.191732 0.000160388 -5.35961e-09 6.50142e-15 
4.42081e-14 -2.879e-12 4.90621e-10 -1.57069e-07 0.000160388 -0.106312 8.00991e-06 2.22002e-12 
-6.80069e-19 -2.36945e-17 4.4715e-15 1.46929e-12 -5.35961e-09 8.00991e-06 -0.045839 -8.18607e-08 
2.43884e-24 -2.27333e-22 4.04084e-20 -1.07066e-17 6.47728e-15 2.22005e-12 -8.18607e-08 -0.0132905 


-0.9895 0.00377186 -1.46979e-05 4.09851e-08 -1.68071e-11 5.15366e-15 3.72168e-16 -2.23631e-16 
0.00377186 -0.724116 0.00285137 -6.68207e-06 2.152e-09 -4.22703e-13 -1.34984e-16 1.56913e-16 
-1.46979e-05 0.00285137 -0.510123 0.00146439 -5.07992e-07 1.0224e-10 4.95573e-16 2.03206e-16 
4.09851e-08 -6.68207e-06 0.00146439 -0.340845 0.000171673 -4.89888e-08 1.97522e-13 -1.76907e-16 
-1.68071e-11 2.152e-09 -5.07992e-07 0.000171673 -0.191732 8.89322e-05 -1.28137e-09 -4.73319e-16 
4.74967e-15 -4.22618e-13 1.0224e-10 -4.89888e-08 8.89322e-05 -0.106312 3.45367e-06 -2.77505e-13 
-3.15009e-20 -1.50082e-18 4.01867e-16 1.97573e-13 -1.28137e-09 3.45367e-06 -0.045839 2.37347e-08 
-3.27579e-26 4.17213e-24 -1.05272e-21 4.17471e-19 -4.48997e-16 -2.77536e-13 2.37347e-08 -0.0132905 


-0.989525 0.00276025 -7.57713e-06 1.41175e-08 -3.25658e-12 9.14599e-16 3.72719e-16 2.24225e-16 
0.00276025 -0.724111 0.00200866 -3.14517e-06 5.69791e-10 -6.21248e-14 -1.3253e-16 -1.55257e-16 
-7.57713e-06 0.00200866 -0.510111 0.000978428 -1.90931e-07 2.13068e-11 1.29437e-16 -2.04332e-16 
1.41175e-08 -3.14517e-06 0.000978428 -0.340838 9.65701e-05 -1.52799e-08 2.65193e-14 1.76711e-16 
-3.25661e-12 5.69791e-10 -1.90931e-07 9.65701e-05 -0.191732 4.93113e-05 -3.06349e-10 5.55492e-17 
5.10289e-16 -6.20424e-14 2.13068e-11 -1.52799e-08 4.93113e-05 -0.106312 1.48913e-06 3.4665e-14 
-1.45918e-21 -9.50352e-20 3.61146e-17 2.65697e-14 -3.06349e-10 1.48913e-06 -0.045839 -6.88162e-09 
4.39981e-28 -7.65727e-26 2.7427e-23 -1.62785e-20 3.11238e-17 3.4696e-14 -6.88162e-09 -0.0132905 


-0.989538 0.00201988 -3.90605e-06 4.86264e-09 -6.30967e-13 4.59365e-16 3.73095e-16 -2.24655e-16 
0.00201988 -0.724107 0.00141501 -1.4804e-06 1.50868e-10 -9.18957e-15 -1.3166e-16 1.54062e-16 
-3.90605e-06 0.00141501 -0.510105 0.000653746 -7.17639e-08 4.44043e-12 9.62951e-17 2.051e-16 
4.86264e-09 -1.4804e-06 0.000653746 -0.340835 5.43238e-05 -4.76602e-09 3.52305e-15 -1.76328e-16 
-6.31001e-13 1.50868e-10 -7.17639e-08 5.43238e-05 -0.191732 2.73423e-05 -7.32417e-11 -2.66409e-17 
5.48232e-17 -9.10853e-15 4.44051e-12 -4.76602e-09 2.73423e-05 -0.106312 6.42077e-07 -4.30651e-15 
-6.75925e-23 -6.01699e-21 3.24542e-18 3.57327e-15 -7.32416e-11 6.42077e-07 -0.045839 1.99525e-09 
-5.90942e-30 1.4054e-27 -7.14585e-25 6.34762e-22 -2.15745e-18 -4.3375e-15 1.99525e-09 -0.0132905 


-0.989545 0.00147807 -2.01355e-06 1.67487e-09 -1.22228e-13 4.10598e-16 3.73365e-16 2.24968e-16 
0.00147807 -0.724104 0.000996811 -6.96816e-07 3.9947e-11 -1.41733e-15 -1.31075e-16 -1.53202e-16 
-2.01355e-06 0.000996811 -0.510101 0.000436809 -2.69737e-08 9.25371e-13 9.31476e-17 -2.05627e-16 
1.67487e-09 -6.96816e-07 0.000436809 -0.340833 3.05591e-05 -1.4866e-09 4.30485e-16 1.76061e-16 
-1.22261e-13 3.9947e-11 -2.69737e-08 3.05591e-05 -0.191732 1.51608e-05 -1.75106e-11 2.46656e-17 
5.88992e-18 -1.33727e-15 9.2545e-13 -1.4866e-09 1.51608e-05 -0.106312 2.76847e-07 5.11265e-16 
-3.13106e-24 -3.80929e-22 2.91645e-19 4.80566e-16 -1.75105e-11 2.76847e-07 -0.045839 -5.78503e-10 
7.93691e-32 -2.5795e-29 1.86181e-26 -2.4752e-23 1.49551e-19 5.4225e-16 -5.78503e-10 -0.0132905 


-0.989549 0.00108158 -1.03796e-06 5.76881e-10 -2.36552e-14 4.05462e-16 3.73562e-16 -2.25197e-16 
0.00108158 -0.724103 0.000702209 -3.27987e-07 1.05773e-11 -2.7569e-16 -1.30645e-16 1.52582e-16 
-1.03796e-06 0.000702209 -0.510099 0.000291862 -1.01386e-08 1.92796e-13 9.27443e-17 2.05988e-16 
5.76881e-10 -3.27987e-07 0.000291862 -0.340833 1.71907e-05 -4.63695e-10 1.46407e-17 -1.75883e-16 
-2.3689e-14 1.05773e-11 -1.01386e-08 1.71907e-05 -0.191732 8.4064e-06 -4.18651e-12 -2.45446e-17 
6.32781e-19 -1.96333e-16 1.92876e-13 -4.63695e-10 8.4064e-06 -0.106312 1.19369e-07 -3.68062e-17 
-1.4504e-25 -2.41154e-23 2.62082e-20 6.46315e-17 -4.18639e-12 1.19369e-07 -0.045839 1.67731e-10 
-1.066e-33 4.73449e-31 -4.85089e-28 9.65185e-25 -1.03666e-20 -6.77892e-17 1.67731e-10 -0.0132905 


-0.989551 0.000791449 -5.35054e-07 1.98696e-10 -4.55606e-15 4.04984e-16 3.73705e-16 2.25363e-16 
0.000791449 -0.724102 0.000494675 -1.54382e-07 2.80065e-12 -1.07664e-16 -1.30326e-16 -1.52136e-16 
-5.35054e-07 0.000494675 -0.510099 0.000195013 -3.81081e-09 4.01182e-14 9.26222e-17 -2.06237e-16 
1.98696e-10 -1.54382e-07 0.000195013 -0.340832 9.67042e-06 -1.44635e-10 -4.12392e-17 1.75764e-16 
-4.58989e-15 2.80071e-12 -3.81081e-09 9.67042e-06 -0.191732 4.6612e-06 -1.001e-12 2.45452e-17 
6.79824e-20 -2.88252e-17 4.0198e-14 -1.44635e-10 4.6612e-06 -0.106312 5.14691e-08 -2.25073e-17 
-6.71865e-27 -1.52664e-24 2.35515e-21 8.69234e-18 -1.00088e-12 5.14691e-08 -0.045839 -4.86318e-11 
1.43173e-35 -8.68988e-33 1.26389e-29 -3.76367e-26 7.18599e-22 8.47464e-18 -4.86318e-11 -0.0132905 


-0.989552 0.000579141 -2.75812e-07 6.84371e-11 -8.55455e-16 4.04987e-16 3.7381e-16 -2.25484e-16 
0.000579141 -0.724101 0.000348477 -7.26671e-08 7.41527e-13 -8.26942e-17 -1.30091e-16 1.51815e-16 
-2.75812e-07 0.000348477 -0.510098 0.000130302 -1.43238e-09 8.29802e-15 9.25501e-17 2.06408e-16 
6.84371e-11 -7.26671e-08 0.000130302 -0.340832 5.43999e-06 -4.51142e-11 -4.87236e-17 -1.75684e-16 
-8.89319e-16 7.41585e-13 -1.43238e-09 5.43999e-06 -0.191732 2.58455e-06 -2.3941e-13 -2.45502e-17 
7.30364e-21 -4.23207e-18 8.37783e-15 -4.51143e-11 2.58455e-06 -0.106312 2.21922e-08 2.99219e-17 
-3.11227e-28 -9.66445e-26 2.11641e-22 1.16904e-18 -2.39288e-13 2.21922e-08 -0.045839 1.41003e-11 
-1.92293e-37 1.59498e-34 -3.29304e-31 1.46762e-27 -4.98121e-23 -1.05945e-18 1.41003e-11 -0.0132905 


-0.989553 0.000423784 -1.42177e-07 2.35718e-11 -1.38419e-16 4.05027e-16 3.73886e-16 2.25573e-16 
0.000423784 -0.724101 0.000245487 -3.42042e-08 1.96302e-13 -7.88088e-17 -1.29917e-16 -1.51584e-16 
-1.42177e-07 0.000245487 -0.510098 8.70636e-05 -5.3839e-10 1.6662e-15 9.25e-17 -2.06526e-16 
2.35719e-11 -3.42042e-08 8.70636e-05 -0.340832 3.06021e-06 -1.40719e-11 -4.97098e-17 1.75631e-16 
-1.72311e-16 1.96361e-13 -5.3839e-10 3.06021e-06 -0.191732 1.43309e-06 -5.73302e-14 2.45534e-17 
7.84661e-22 -6.21348e-19 1.74606e-15 -1.4072e-11 1.43309e-06 -0.106312 9.5687e-09 -3.08486e-17 
-1.44169e-29 -6.11808e-27 1.90187e-23 1.57226e-19 -5.72088e-14 9.5687e-09 -0.045839 -4.08821e-12 
2.58266e-39 -2.92751e-36 8.57996e-33 -5.72288e-29 3.45289e-24 1.32447e-19 -4.08823e-12 -0.0132905 


-0.989553 0.000310102 -7.32896e-08 8.11883e-12 5.27625e-19 4.0506e-16 3.73941e-16 -2.25638e-16 
0.000310102 -0.724101 0.000172935 -1.60998e-08 5.19346e-14 -7.80786e-17 -1.29788e-16 1.51417e-16 
-7.32896e-08 0.000172935 -0.510098 5.81733e-05 -2.02366e-10 2.84012e-16 9.24644e-17 2.06607e-16 
8.11887e-12 -1.60998e-08 5.81733e-05 -0.340832 1.72149e-06 -4.38925e-12 -4.9829e-17 -1.75596e-16 
-3.33862e-17 5.19936e-14 -2.02366e-10 1.72149e-06 -0.191732 7.94623e-07 -1.37988e-14 -2.45552e-17 
8.42994e-23 -9.12256e-20 3.63904e-16 -4.3893e-12 7.94623e-07 -0.106312 4.12578e-09 3.09643e-17 
-6.67834e-31 -3.87304e-28 1.70908e-24 2.11455e-20 -1.36774e-14 4.12578e-09 -0.045839 1.18532e-12 
-3.46873e-41 5.3733e-38 -2.2355e-34 2.2316e-30 -2.39349e-25 -1.65578e-20 1.18534e-12 -0.0132905 


-0.989553 0.000226916 -3.77795e-08 2.79635e-12 2.74617e-17 4.05084e-16 3.73982e-16 2.25686e-16 
0.000226916 -0.724101 0.000121825 -7.57813e-09 1.37081e-14 -7.7855e-17 -1.29693e-16 -1.51297e-16 
-3.77795e-08 0.000121825 -0.510098 3.88697e-05 -7.60637e-11 -4.07405e-18 9.24391e-17 -2.06663e-16 
2.79638e-12 -7.57813e-09 3.88697e-05 -0.340832 9.68407e-07 -1.36905e-12 -4.98362e-17 1.75572e-16 
-6.46877e-18 1.37672e-14 -7.60638e-11 9.68407e-07 -0.191732 4.40604e-07 -3.39142e-15 2.45562e-17 
9.05663e-24 -1.33937e-20 7.5843e-17 -1.3691e-12 4.40604e-07 -0.106312 1.77893e-09 -3.09787e-17 
-3.0936e-32 -2.45182e-29 1.53584e-25 2.84389e-21 -3.26998e-15 1.77893e-09 -0.045839 -3.4366e-13 
4.6588e-43 -9.86243e-40 5.82456e-36 -8.70198e-32 1.65913e-26 2.06997e-21 -3.43677e-13 -0.0132905 


-0.989554 0.000166044 -1.94747e-08 9.63124e-13 3.26896e-17 4.05102e-16 3.74012e-16 -2.2572e-16 
0.000166044 -0.724101 8.58204e-05 -3.567e-09 3.58632e-15 -7.77373e-17 -1.29622e-16 1.5121e-16 
-1.94747e-08 8.58204e-05 -0.510098 2.59716e-05 -2.85902e-11 -6.41274e-17 9.24211e-17 2.06702e-16 
9.6316e-13 -3.567e-09 2.59716e-05 -0.340832 5.44767e-07 -4.26992e-13 -4.98312e-17 -1.75556e-16 
-1.25336e-18 3.64535e-15 -2.85903e-11 5.44767e-07 -0.191732 2.44307e-07 -9.03224e-16 -2.45568e-17 
9.72992e-25 -1.96644e-21 1.58068e-17 -4.27049e-13 2.44307e-07 -0.106312 7.67031e-10 3.09804e-17 
-1.43304e-33 -1.55212e-30 1.38015e-26 3.82478e-22 -7.81782e-16 7.67031e-10 -0.045839 9.96289e-14 
-6.25715e-45 1.8102e-41 -1.51758e-37 3.39328e-33 -1.15008e-27 -2.58776e-22 9.96455e-14 -0.0132905 


-0.989554 0.000121502 -1.00389e-08 3.31706e-13 3.37095e-17 4.05115e-16 3.74034e-16 2.25746e-16 
0.000121502 -0.724101 6.04567e-05 -1.67898e-09 9.06198e-16 -7.76583e-17 -1.29571e-16 -1.51148e-16 
-1.00389e-08 6.04567e-05 -0.510098 1.73534e-05 -1.07462e-11 -7.66519e-17 9.24083e-17 -2.06729e-16 
3.31741e-13 -1.67898e-09 1.73534e-05 -0.340832 3.06453e-07 -1.33147e-13 -4.98267e-17 1.75545e-16 
-2.42846e-19 9.65237e-16 -1.07463e-11 3.06453e-07 -0.191732 1.35464e-07 -3.0835e-16 2.45571e-17 
1.04533e-25 -2.88711e-22 3.29437e-18 -1.33204e-13 1.35464e-07 -0.106312 3.30724e-10 -3.09806e-17 
-6.63828e-35 -9.82563e-32 1.24025e-27 5.144e-23 -1.86907e-16 3.30724e-10 -0.045839 -2.88746e-14 
8.40388e-47 -3.32254e-43 3.95404e-39 -1.32319e-34 7.97218e-29 3.23508e-23 -2.88912e-14 -0.0132905 


-0.989554 8.89086e-05 -5.17486e-09 1.14227e-13 3.39122e-17 4.05125e-16 3.74049e-16 -2.25764e-16 
8.89086e-05 -0.724101 4.25891e-05 -7.9029e-10 1.96537e-16 -7.76016e-17 -1.29532e-16 1.51103e-16 
-5.17486e-09 4.25891e-05 -0.510098 1.15951e-05 -4.03913e-12 -7.9268e-17 9.23991e-17 2.06747e-16 
1.14262e-13 -7.9029e-10 1.15951e-05 -0.340832 1.72392e-07 -4.14917e-14 -4.98235e-17 -1.75538e-16 
-4.70528e-20 2.55581e-16 -4.03924e-12 1.72392e-07 -0.191732 7.51125e-08 -1.66128e-16 -2.45573e-17 
1.12304e-26 -4.23884e-23 6.86594e-19 -4.15489e-14 7.51125e-08 -0.106312 1.426e-10 3.09806e-17 
-3.07504e-36 -6.22008e-33 1.11452e-28 6.91823e-24 -4.46856e-17 1.426e-10 -0.045839 8.36011e-15 
-1.12871e-48 6.09837e-45 -1.03022e-40 5.15968e-36 -5.52619e-30 -4.04432e-24 8.37669e-15 -0.0132905 


-0.989554 6.50584e-05 -2.66755e-09 3.93201e-14 3.39553e-17 4.05132e-16 3.74061e-16 2.25778e-16 
6.50584e-05 -0.724101 3.00022e-05 -3.71988e-10 8.62661e-18 -7.75605e-17 -1.29504e-16 -1.51071e-16 
-2.66755e-09 3.00022e-05 -0.510098 7.74748e-06 -1.51813e-12 -7.98173e-17 9.23926e-17 -2.0676e-16 
3.93552e-14 -3.71988e-10 7.74748e-06 -0.340832 9.69775e-08 -1.29027e-14 -4.98213e-17 1.75534e-16 
-9.11675e-21 6.76743e-17 -1.51824e-12 9.69775e-08 -0.191732 4.16485e-08 -1.32126e-16 2.45574e-17 
1.20652e-27 -6.22342e-24 1.43096e-19 -1.29599e-14 4.16485e-08 -0.106312 6.14854e-11 -3.09806e-17 
-1.42445e-37 -3.93761e-34 1.00155e-29 9.30442e-25 -1.06834e-17 6.14854e-11 -0.045839 -2.41215e-15 
1.51595e-50 -1.11933e-46 2.68422e-42 -2.01198e-37 3.83066e-31 5.05599e-25 -2.42873e-15 -0.0132905 


-0.989554 4.76062e-05 -1.37508e-09 1.352e-14 3.39664e-17 4.05137e-16 3.7407e-16 -2.25788e-16 
4.76062e-05 -0.724101 2.11353e-05 -1.75094e-10 -4.11308e-17 -7.75306e-17 -1.29484e-16 1.51047e-16 
-1.37508e-09 2.11353e-05 -0.510098 5.17664e-06 -5.70554e-13 -7.99346e-17 9.2388e-17 2.06769e-16 
1.35551e-14 -1.75093e-10 5.17664e-06 -0.340832 5.45537e-08 -3.98524e-15 -4.98199e-17 -1.75531e-16 
-1.76642e-21 1.79192e-17 -5.70664e-13 5.45537e-08 -0.191732 2.30934e-08 -1.23996e-16 -2.45575e-17 
1.29622e-28 -9.13717e-25 2.98234e-20 -4.04242e-15 2.30934e-08 -0.106312 2.65109e-11 3.09806e-17 
-6.59845e-39 -2.49269e-35 9.00021e-31 1.25136e-25 -2.55417e-18 2.6511e-11 -0.045839 6.87602e-16 
-2.03605e-52 2.05447e-48 -6.99371e-44 7.8456e-39 -2.65535e-32 -6.32073e-26 7.04186e-16 -0.0132905 


-0.989554 3.48356e-05 -7.08828e-10 4.63368e-15 3.39706e-17 4.05141e-16 3.74076e-16 2.25795e-16 
3.48356e-05 -0.724101 1.48889e-05 -8.24161e-11 -5.43068e-17 -7.75088e-17 -1.29468e-16 -1.5103e-16 
-7.08828e-10 1.48889e-05 -0.510098 3.45888e-06 -2.14387e-13 -7.99611e-17 9.23848e-17 -2.06775e-16 
4.6688e-15 -8.2416e-11 3.45888e-06 -0.340832 3.06886e-08 -1.20372e-15 -4.98189e-17 1.75528e-16 
-3.42255e-22 4.74475e-18 -2.14497e-13 3.06886e-08 -0.191732 1.28049e-08 -1.22053e-16 2.45575e-17 
1.39258e-29 -1.34151e-25 6.21563e-21 -1.26091e-15 1.28049e-08 -0.106312 1.14308e-11 -3.09806e-17 
-3.05659e-40 -1.57799e-36 8.08787e-32 1.68298e-26 -6.10648e-19 1.14309e-11 -0.045839 -1.87588e-16 
2.73459e-54 -3.77089e-50 1.8222e-45 -3.05934e-40 1.84065e-33 7.90183e-27 -2.04171e-16 -0.0132905 


-0.989554 2.54908e-05 -3.65389e-10 1.57296e-15 3.39729e-17 4.05143e-16 3.7408e-16 -2.258e-16 
2.54908e-05 -0.724101 1.04886e-05 -3.8793e-11 -5.77963e-17 -7.74929e-17 -1.29457e-16 1.51018e-16 
-3.65389e-10 1.04886e-05 -0.510098 2.31112e-06 -8.05133e-14 -7.9968e-17 9.23824e-17 2.0678e-16 
1.60808e-15 -3.8793e-11 2.31112e-06 -0.340832 1.72636e-08 -3.36117e-16 -4.98183e-17 -1.75527e-16 
-6.63138e-23 1.25634e-18 -8.06236e-14 1.72636e-08 -0.191732 7.10008e-09 -1.21588e-16 -2.45575e-17 
1.49611e-30 -1.9696e-26 1.29543e-21 -3.933e-16 7.10008e-09 -0.106312 4.92867e-12 3.09806e-17 
-1.4159e-41 -9.98941e-38 7.26801e-33 2.26346e-27 -1.45993e-19 4.9287e-12 -0.045839 4.26138e-17 
-3.67278e-56 6.92129e-52 -4.74773e-47 1.19297e-41 -1.27591e-34 -9.87845e-28 5.91974e-17 -0.0132905 


-0.989554 1.86527e-05 -1.88352e-10 5.18757e-16 3.39745e-17 4.05145e-16 3.74084e-16 2.25804e-16 
1.86527e-05 -0.724101 7.38874e-06 -1.82598e-11 -5.87207e-17 -7.74813e-17 -1.29449e-16 -1.51009e-16 
-1.88351e-10 7.38874e-06 -0.510098 1.54422e-06 -3.0194e-14 -7.99704e-17 9.23808e-17 -2.06783e-16 
5.5387e-16 -1.82598e-11 1.54422e-06 -0.340832 9.71144e-09 -6.54947e-17 -4.98178e-17 1.75526e-16 
-1.28487e-23 3.32662e-19 -3.03042e-14 9.71144e-09 -0.191732 3.93687e-09 -1.21477e-16 2.45575e-17 
1.60733e-31 -2.89174e-27 2.69986e-22 -1.22677e-16 3.93687e-09 -0.106312 2.1251e-12 -3.09806e-17 
-6.55887e-43 -6.32377e-39 6.53126e-34 3.04415e-28 -3.49038e-20 2.12513e-12 -0.045839 -5.80064e-19 
4.93285e-58 -1.27037e-53 1.23701e-48 -4.65191e-43 8.84439e-36 1.23495e-28 -1.71637e-17 -0.0132905 


-0.989554 1.3649e-05 -9.70921e-11 1.55657e-16 3.39756e-17 4.05147e-16 3.74086e-16 -2.25807e-16 
1.3649e-05 -0.724101 5.20505e-06 -8.59485e-12 -5.89658e-17 -7.74728e-17 -1.29443e-16 1.51003e-16 
-9.70919e-11 5.20505e-06 -0.510098 1.0318e-06 -1.12803e-14 -7.99715e-17 9.23796e-17 2.06785e-16 
1.9077e-16 -8.59482e-12 1.0318e-06 -0.340832 5.46307e-09 1.89171e-17 -4.98176e-17 -1.75525e-16 
-2.48951e-24 8.80842e-20 -1.13905e-14 5.46307e-09 -0.191732 2.18292e-09 -1.21451e-16 -2.45575e-17 
1.72682e-32 -4.24563e-28 5.62691e-23 -3.82653e-17 2.18292e-09 -0.106312 9.16274e-13 3.09806e-17 
-3.03826e-44 -4.00324e-40 5.8692e-35 4.09412e-29 -8.34476e-21 9.16302e-13 -0.045839 -1.16072e-17 
-6.62523e-60 2.33171e-55 -3.22303e-50 1.81398e-44 -6.13079e-37 -1.54387e-29 4.97642e-18 -0.0132905 


-0.989554 9.98761e-06 -5.00494e-11 3.0594e-17 3.39764e-17 4.05148e-16 3.74088e-16 2.25809e-16 
9.98761e-06 -0.724101 3.66673e-06 -4.04559e-12 -5.90309e-17 -7.74667e-17 -1.29438e-16 -1.50998e-16 
-5.00492e-11 3.66673e-06 -0.510098 6.89421e-07 -4.17116e-15 -7.99723e-17 9.23788e-17 -2.06786e-16 
6.57068e-17 -4.04556e-12 6.89421e-07 -0.340832 3.0732e-09 4.52466e-17 -4.98174e-17 1.75525e-16 
-4.82356e-25 2.33235e-20 -4.28138e-15 3.0732e-09 -0.191732 1.21039e-09 -1.21444e-16 2.45575e-17 
1.8552e-33 -6.2334e-29 1.17273e-23 -1.19357e-17 1.21039e-09 -0.106312 3.95059e-13 -3.09806e-17 
-1.40741e-45 -2.53424e-41 5.27425e-36 5.50624e-30 -1.99505e-21 3.95086e-13 -0.045839 1.51407e-17 
8.89824e-62 -4.27974e-57 8.39755e-52 -7.0735e-46 4.24976e-38 1.93006e-30 -1.44286e-18 -0.0132905 


-0.989554 7.30839e-06 -2.57996e-11 -1.24813e-17 3.3977e-17 4.05149e-16 3.74089e-16 -2.25811e-16 
7.30839e-06 -0.724101 2.58305e-06 -1.90427e-12 -5.90482e-17 -7.74622e-17 -1.29435e-16 1.50995e-16 
-2.57995e-11 2.58305e-06 -0.510098 4.60651e-07 -1.49903e-15 -7.99727e-17 9.23782e-17 2.06787e-16 
2.26314e-17 -1.90423e-12 4.60651e-07 -0.340832 1.7288e-09 5.34592e-17 -4.98172e-17 -1.75525e-16 
-9.34592e-26 6.17573e-21 -1.60925e-15 1.7288e-09 -0.191732 6.71141e-10 -1.21443e-16 -2.45575e-17 
1.99312e-34 -9.15183e-30 2.44414e-24 -3.72295e-18 6.71142e-10 -0.106312 1.70324e-13 3.09806e-17 
-6.51952e-47 -1.60429e-42 4.7396e-37 7.40541e-31 -4.76975e-22 1.70351e-13 -0.045839 -1.61652e-17 
-1.19511e-63 7.85526e-59 -2.18797e-53 2.75827e-47 -2.94587e-39 -2.41286e-31 4.18343e-19 -0.0132905 


-0.989554 5.34787e-06 -1.32993e-11 -2.73176e-17 3.39774e-17 4.05149e-16 3.7409e-16 2.25812e-16 
5.34787e-06 -0.724101 1.81965e-06 -8.9635e-13 -5.90529e-17 -7.74589e-17 -1.29432e-16 -1.50993e-16 
-1.32992e-11 1.81965e-06 -0.510098 3.07793e-07 -4.94651e-16 -7.99731e-17 9.23778e-17 -2.06788e-16 
7.79495e-18 -8.96317e-13 3.07793e-07 -0.340832 9.72516e-10 5.60208e-17 -4.98172e-17 1.75525e-16 
-1.81083e-26 1.63525e-21 -6.04874e-16 9.72516e-10 -0.191732 3.72136e-10 -1.21442e-16 2.45575e-17 
2.14129e-35 -1.34366e-30 5.09396e-25 -1.16126e-18 3.72136e-10 -0.106312 7.34238e-14 -3.09806e-17 
-3.02003e-48 -1.01559e-43 4.25916e-38 9.95963e-32 -1.14035e-22 7.34511e-14 -0.045839 1.64623e-17 
1.60513e-65 -1.4418e-60 5.70073e-55 -1.07557e-48 2.04203e-40 3.01642e-32 -1.21294e-19 -0.0132905 


-0.989554 3.91328e-06 -6.85566e-12 -3.24277e-17 3.39778e-17 4.0515e-16 3.74091e-16 -2.25812e-16 
3.91328e-06 -0.724101 1.28186e-06 -4.21927e-13 -5.90542e-17 -7.74565e-17 -1.29431e-16 1.50991e-16 
-6.8555e-12 1.28186e-06 -0.510098 2.05658e-07 -1.17133e-16 -7.99733e-17 9.23775e-17 2.06788e-16 
2.68482e-18 -4.21894e-13 2.05658e-07 -0.340832 5.47079e-10 5.68198e-17 -4.98171e-17 -1.75524e-16 
-3.50858e-27 4.3299e-22 -2.27355e-16 5.47079e-10 -0.191732 2.06343e-10 -1.21442e-16 -2.45575e-17 
2.30047e-36 -1.97275e-31 1.06166e-25 -3.62218e-19 2.06343e-10 -0.106312 3.1643e-14 3.09806e-17 
-1.39896e-49 -6.42917e-45 3.82741e-39 1.33948e-32 -2.72632e-23 3.16702e-14 -0.045839 -1.65484e-17 
-2.15582e-67 2.64635e-62 -1.48532e-56 4.19411e-50 -1.4155e-41 -3.77097e-33 3.51679e-20 -0.0132905 


-0.989554 2.86352e-06 -3.53405e-12 -3.41877e-17 3.3978e-17 4.0515e-16 3.74091e-16 2.25813e-16 
2.86352e-06 -0.724101 9.03018e-07 -1.98618e-13 -5.90546e-17 -7.74548e-17 -1.29429e-16 -1.5099e-16 
-3.53389e-12 9.03018e-07 -0.510098 1.37415e-07 2.47655e-17 -7.99734e-17 9.23773e-17 -2.06789e-16 
9.24732e-19 -1.98584e-13 1.37415e-07 -0.340832 3.07754e-10 5.7069e-17 -4.98171e-17 1.75524e-16 
-6.79808e-28 1.1465e-22 -8.54567e-17 3.07754e-10 -0.191732 1.14413e-10 -1.21442e-16 2.45575e-17 
2.47149e-37 -2.89638e-32 2.21265e-26 -1.12982e-19 1.14414e-10 -0.106312 1.36282e-14 -3.09806e-17 
-6.48041e-51 -4.06997e-46 3.43943e-40 1.80149e-33 -6.51806e-24 1.36554e-14 -0.045839 1.65734e-17 
2.89545e-69 -4.85725e-64 3.86998e-58 -1.63547e-51 9.81202e-43 4.71426e-34 -1.01966e-20 -0.0132905 


-0.989554 2.09537e-06 -1.82182e-12 -3.47939e-17 3.39782e-17 4.0515e-16 3.74092e-16 -2.25814e-16 
2.09537e-06 -0.724101 6.36137e-07 -9.35065e-14 -5.90547e-17 -7.74535e-17 -1.29428e-16 1.50989e-16 
-1.82166e-12 6.36137e-07 -0.510098 9.18166e-08 7.81013e-17 -7.99736e-17 9.23771e-17 2.06789e-16 
3.18506e-19 -9.34731e-14 9.18166e-08 -0.340832 1.73124e-10 5.71468e-17 -4.9817e-17 -1.75524e-16 
-1.31717e-28 3.03576e-23 -3.21208e-17 1.73124e-10 -0.191732 6.34402e-11 -1.21442e-16 -2.45575e-17 
2.65523e-38 -4.25244e-33 4.61148e-27 -3.52413e-20 6.34403e-11 -0.106312 5.86062e-15 3.09806e-17 
-3.00191e-52 -2.57648e-47 3.09078e-41 2.42285e-34 -1.55833e-24 5.88787e-15 -0.045839 -1.65806e-17 
-3.88883e-71 8.91526e-66 -1.00832e-59 6.37739e-53 -6.80153e-44 -5.89351e-35 2.95639e-21 -0.0132905 


-0.989554 1.53327e-06 -9.39197e-13 -3.50026e-17 3.39783e-17 4.0515e-16 3.74092e-16 2.25814e-16 
1.53327e-06 -0.724101 4.48131e-07 -4.4031e-14 -5.90548e-17 -7.74526e-17 -1.29428e-16 -1.50988e-16 
-9.39034e-13 4.48131e-07 -0.510098 6.13491e-08 9.81487e-17 -7.99736e-17 9.2377e-17 -2.06789e-16 
1.09703e-19 -4.39975e-14 6.13491e-08 -0.340832 9.7389e-11 5.7171e-17 -4.9817e-17 1.75524e-16 
-2.55208e-29 8.03827e-24 -1.20733e-17 9.7389e-11 -0.191732 3.51764e-11 -1.21442e-16 2.45575e-17 
2.85262e-39 -6.2434e-34 9.611e-28 -1.09924e-20 3.51765e-11 -0.106312 2.51146e-15 -3.09806e-17 
-1.39057e-53 -1.63103e-48 2.77747e-42 3.25852e-35 -3.72564e-25 2.5387e-15 -0.045839 1.65827e-17 
5.22303e-73 -1.63635e-67 2.62716e-61 -2.48682e-54 4.71471e-45 7.36775e-36 -8.57175e-22 -0.0132905 


-0.989554 1.12197e-06 -4.84219e-13 -3.50745e-17 3.39784e-17 4.0515e-16 3.74092e-16 -2.25814e-16 
1.12197e-06 -0.724101 3.15689e-07 -2.0743e-14 -5.90548e-17 -7.74519e-17 -1.29427e-16 1.50988e-16 
-4.84055e-13 3.15689e-07 -0.510098 4.09917e-08 1.05684e-16 -7.99737e-17 9.23769e-17 2.06789e-16 
3.7785e-20 -2.07095e-14 4.09917e-08 -0.340832 5.47852e-11 5.71785e-17 -4.9817e-17 -1.75524e-16 
-4.94481e-30 2.12842e-24 -4.53803e-18 5.47852e-11 -0.191732 1.95047e-11 -1.21442e-16 -2.45575e-17 
3.06469e-40 -9.1665e-35 2.00307e-28 -3.42873e-21 1.95048e-11 -0.106312 1.06738e-15 3.09806e-17 
-6.44153e-55 -1.03252e-49 2.49592e-43 4.38243e-36 -8.90721e-26 1.09462e-15 -0.045839 -1.65833e-17 
-7.01496e-75 3.00345e-69 -6.84504e-63 9.6972e-56 -3.26816e-46 -9.21076e-37 2.48529e-22 -0.0132905 


-0.989554 8.20993e-07 -2.49685e-13 -3.50993e-17 3.39784e-17 4.05151e-16 3.74092e-16 2.25814e-16 
8.20993e-07 -0.724101 2.22389e-07 -9.78136e-15 -5.90548e-17 -7.74514e-17 -1.29427e-16 -1.50987e-16 
-2.49522e-13 2.22389e-07 -0.510098 2.73894e-08 1.08516e-16 -7.99737e-17 9.23769e-17 -2.06789e-16 
1.30143e-20 -9.74791e-15 2.73894e-08 -0.340832 3.08189e-11 5.71809e-17 -4.9817e-17 1.75524e-16 
-9.58086e-31 5.63576e-25 -1.70572e-18 3.08188e-11 -0.191732 1.0815e-11 -1.21442e-16 2.45575e-17 
3.29252e-41 -1.34582e-35 4.1747e-29 -1.06948e-21 1.0815e-11 -0.106312 4.44731e-16 -3.09806e-17 
-2.9839e-56 -6.53634e-51 2.24291e-44 5.89398e-37 -2.12952e-26 4.71973e-16 -0.045839 1.65835e-17 
9.42168e-77 -5.51269e-71 1.78347e-64 -3.78136e-57 2.26544e-47 1.15148e-37 -7.20583e-23 -0.0132905 


-0.989554 6.00757e-07 -1.28788e-13 -3.51078e-17 3.39785e-17 4.05151e-16 3.74093e-16 -2.25814e-16 
6.00757e-07 -0.724101 1.56664e-07 -4.62177e-15 -5.90548e-17 -7.7451e-17 -1.29426e-16 1.50987e-16 
-1.28624e-13 1.56664e-07 -0.510098 1.83008e-08 1.09581e-16 -7.99738e-17 9.23769e-17 2.06789e-16 
4.48252e-21 -4.58831e-15 1.83008e-08 -0.340832 1.73368e-11 5.71816e-17 -4.9817e-17 -1.75524e-16 
-1.85635e-31 1.49227e-25 -6.41134e-19 1.73368e-11 -0.191732 5.99667e-12 -1.21442e-16 -2.45575e-17 
3.53729e-42 -1.97592e-36 8.70069e-30 -3.33592e-22 5.99675e-12 -0.106312 1.7626e-16 3.09806e-17 
-1.38223e-57 -4.13781e-52 2.01555e-45 7.92689e-38 -5.09124e-27 2.03503e-16 -0.045839 -1.65836e-17 
-1.26541e-78 1.01183e-72 -4.6468e-66 1.47452e-58 -1.57036e-48 -1.43952e-38 2.08926e-23 -0.0132905 


-0.989554 4.39601e-07 -6.64668e-14 -3.51107e-17 3.39785e-17 4.05151e-16 3.74093e-16 2.25814e-16 
4.39601e-07 -0.724101 1.10363e-07 -2.19316e-15 -5.90548e-17 -7.74508e-17 -1.29426e-16 -1.50987e-16 
-6.63036e-14 1.10363e-07 -0.510098 1.22281e-08 1.09981e-16 -7.99738e-17 9.23768e-17 -2.06789e-16 
1.54392e-21 -2.15971e-15 1.22281e-08 -0.340832 9.75268e-12 5.71819e-17 -4.9817e-17 1.75524e-16 
-3.59678e-32 3.95132e-26 -2.40985e-19 9.75265e-12 -0.191732 3.32501e-12 -1.21442e-16 2.45575e-17 
3.80026e-43 -2.90103e-37 1.81335e-30 -1.04053e-22 3.32509e-12 -0.106312 6.05025e-17 -3.09806e-17 
-6.40288e-59 -2.61943e-53 1.81124e-46 1.0661e-38 -1.21721e-27 8.77453e-17 -0.045839 1.65836e-17 
1.69955e-80 -1.85717e-74 1.21072e-67 -5.74978e-60 1.08855e-49 1.79961e-39 -6.05758e-24 -0.0132905 


-0.989554 3.21676e-07 -3.43416e-14 -3.51117e-17 3.39786e-17 4.05151e-16 3.74093e-16 -2.25815e-16 
3.21676e-07 -0.724101 7.77458e-08 -1.05002e-15 -5.90548e-17 -7.74506e-17 -1.29426e-16 1.50987e-16 
-3.41784e-14 7.77458e-08 -0.510098 8.17043e-09 1.10131e-16 -7.99738e-17 9.23768e-17 2.06789e-16 
5.31772e-22 -1.01657e-15 8.17043e-09 -0.340832 5.48628e-12 5.71819e-17 -4.9817e-17 -1.75524e-16 
-6.96896e-33 1.04625e-26 -9.05795e-20 5.48625e-12 -0.191732 1.84362e-12 -1.21442e-16 -2.45575e-17 
4.08278e-44 -4.25926e-38 3.77929e-31 -3.24562e-23 1.84371e-12 -0.106312 1.05907e-17 3.09806e-17 
-2.966e-60 -1.65822e-54 1.62764e-47 1.43381e-39 -2.91008e-28 3.78336e-17 -0.045839 -1.65836e-17 
-2.28264e-82 3.40874e-76 -3.15451e-69 2.24209e-61 -7.54566e-51 -2.24977e-40 1.75633e-24 -0.0132905 


-0.989554 2.35385e-07 -1.77816e-14 -3.51121e-17 3.39786e-17 4.05151e-16 3.74093e-16 2.25815e-16 
2.35385e-07 -0.724101 5.47685e-08 -5.11948e-16 -5.90548e-17 -7.74504e-17 -1.29426e-16 -1.50987e-16 
-1.76183e-14 5.47685e-08 -0.510098 5.45924e-09 1.10188e-16 -7.99738e-17 9.23768e-17 -2.0679e-16 
1.83158e-22 -4.78496e-16 5.45924e-09 -0.340832 3.08626e-12 5.71819e-17 -4.9817e-17 1.75524e-16 
-1.35028e-33 2.77033e-27 -3.40463e-20 3.08624e-12 -0.191732 1.02222e-12 -1.21442e-16 2.45575e-17 
4.3863e-45 -6.25341e-39 7.87659e-32 -1.01237e-23 1.0223e-12 -0.106312 -1.093e-17 -3.09806e-17 
-1.37394e-61 -1.04973e-55 1.46265e-48 1.92835e-40 -6.95739e-29 1.63129e-17 -0.045839 1.65836e-17 
3.06578e-84 -6.25658e-78 8.21904e-71 -8.74289e-63 5.23053e-52 2.81254e-41 -5.0923e-25 -0.0132905 


-0.989554 1.72241e-07 -9.24519e-15 -3.51122e-17 3.39786e-17 4.05151e-16 3.74093e-16 -2.25815e-16 
1.72241e-07 -0.724101 3.85821e-08 -2.58679e-16 -5.90548e-17 -7.74503e-17 -1.29426e-16 1.50986e-16 
-9.08195e-15 3.85821e-08 -0.510098 3.64771e-09 1.10209e-16 -7.99738e-17 9.23768e-17 2.0679e-16 
6.30852e-23 -2.25227e-16 3.6477e-09 -0.340832 1.73616e-12 5.7182e-17 -4.9817e-17 -1.75524e-16 
-2.61624e-34 7.33545e-28 -1.27971e-20 1.73613e-12 -0.191732 5.66767e-13 -1.21442e-16 -2.45575e-17 
4.71238e-46 -9.1812e-40 1.6416e-32 -3.15776e-24 5.66849e-13 -0.106312 -2.02092e-17 3.09806e-17 
-6.36447e-63 -6.64529e-57 1.31438e-49 2.59346e-41 -1.66336e-29 7.0337e-18 -0.045839 -1.65836e-17 
-4.11759e-86 1.14837e-79 -2.14146e-72 3.40923e-64 -3.62572e-53 -3.51609e-42 1.47646e-25 -0.0132905 


-0.989554 1.26037e-07 -4.84482e-15 -3.51122e-17 3.39786e-17 4.05151e-16 3.74093e-16 2.25815e-16 
1.26037e-07 -0.724101 2.71794e-08 -1.39466e-16 -5.90548e-17 -7.74502e-17 -1.29426e-16 -1.50986e-16 
-4.68159e-15 2.71794e-08 -0.510098 2.43729e-09 1.10217e-16 -7.99738e-17 9.23768e-17 -2.0679e-16 
2.17285e-23 -1.06014e-16 2.43729e-09 -0.340832 9.76668e-13 5.7182e-17 -4.9817e-17 1.75524e-16 
-5.06911e-35 1.94232e-28 -4.81007e-21 9.76642e-13 -0.191732 3.14226e-13 -1.21442e-16 2.45575e-17 
5.06271e-47 -1.34798e-40 3.42133e-33 -9.84965e-25 3.14308e-13 -0.106312 -2.42101e-17 -3.09806e-17 
-2.94821e-64 -4.20678e-58 1.18114e-50 3.48798e-42 -3.97675e-30 3.03275e-18 -0.045839 1.65836e-17 
5.53027e-88 -2.10777e-81 5.57955e-74 -1.32941e-65 2.51329e-54 4.39562e-43 -4.28084e-26 -0.0132905 


-0.989554 9.22268e-08 -2.57651e-15 -3.51122e-17 3.39786e-17 4.05151e-16 3.74093e-16 -2.25815e-16 
9.22268e-08 -0.724101 1.91467e-08 -8.33525e-17 -5.90548e-17 -7.74502e-17 -1.29426e-16 1.50986e-16 
-2.41328e-15 1.91467e-08 -0.510098 1.62852e-09 1.1022e-16 -7.99738e-17 9.23768e-17 2.0679e-16 
7.48394e-24 -4.99003e-17 1.62852e-09 -0.340832 5.49426e-13 5.7182e-17 -4.9817e-17 -1.75524e-16 
-9.82169e-36 5.143e-29 -1.80797e-21 5.494e-13 -0.191732 1.74196e-13 -1.21442e-16 -2.45575e-17 
5.43908e-48 -1.97909e-41 7.13056e-34 -3.07229e-25 1.74278e-13 -0.106312 -2.59352e-17 3.09806e-17 
-1.36569e-65 -2.66309e-59 1.06141e-51 4.69103e-43 -9.50757e-31 1.30765e-18 -0.045839 -1.65836e-17 
-7.42762e-90 3.86872e-83 -1.45374e-75 5.18394e-67 -1.74217e-55 -5.49517e-44 1.24118e-26 -0.0132905 


