-0.779868 0.604083 -0.115545 0.0750851 0.0313082 0.0467803 0.0465713 0.0506357 
0.604083 0.794976 0.0392156 -0.0254837 -0.0106259 -0.0158771 -0.0158062 -0.0171856 
-0.115545 0.0392156 0.992499 0.00487435 0.00203246 0.00303687 0.0030233 0.00328715 
0.0750851 -0.0254837 0.00487435 0.996832 -0.00132076 -0.00197346 -0.00196465 -0.0021361 
0.0313082 -0.0106259 0.00203246 -0.00132076 0.999449 -0.000822875 -0.000819199 -0.000890691 
0.0467803 -0.0158771 0.00303687 -0.00197346 -0.000822875 0.99877 -0.00122404 -0.00133086 
0.0465713 -0.0158062 0.0030233 -0.00196465 -0.000819199 -0.00122404 0.998781 -0.00132491 
0.0506357 -0.0171856 0.00328715 -0.0021361 -0.000890691 -0.00133086 -0.00132491 0.998559 


1 0.604083 -0.115545 0.0750851 0.0313082 0.0467803 0.0465713 0.0506357 
0.604083 -0.846555 0.470348 -0.194602 -0.0392676 -0.0875929 -0.0823025 -0.0908787 
-0.115545 0.470348 0.880195 0.0495685 0.0100021 0.0223114 0.0209638 0.0231483 
0.0750851 -0.194602 0.0495685 0.979491 -0.00413828 -0.00923113 -0.00867359 -0.00957741 
0.0313082 -0.0392676 0.0100021 -0.00413828 0.999165 -0.00186269 -0.00175019 -0.00193256 
0.0467803 -0.0875929 0.0223114 -0.00923113 -0.00186269 0.995845 -0.00390409 -0.00431091 
0.0465713 -0.0823025 0.0209638 -0.00867359 -0.00175019 -0.00390409 0.996332 -0.00405054 
0.0506357 -0.0908787 0.0231483 -0.00957741 -0.00193256 -0.00431091 -0.00405054 0.995527 


1 0 -0.115545 0.0750851 0.0313082 0.0467803 0.0465713 0.0506357 
0 1 0.470348 -0.194602 -0.0392676 -0.0875929 -0.0823025 -0.0908787 
-0.115545 0.470348 -0.77316 0.591328 -0.0300126 0.146164 0.113153 0.132233 
0.0750851 -0.194602 0.591328 0.802799 0.0100088 -0.0487439 -0.0377354 -0.0440981 
0.0313082 -0.0392676 -0.0300126 0.0100088 0.999492 0.00247397 0.00191524 0.00223817 
0.0467803 -0.0875929 0.146164 -0.0487439 0.00247397 0.987952 -0.00932737 -0.0109001 
0.0465713 -0.0823025 0.113153 -0.0377354 0.00191524 -0.00932737 0.992779 -0.00843837 
0.0506357 -0.0908787 0.132233 -0.0440981 0.00223817 -0.0109001 -0.00843837 0.990139 


1 0 0 0.0750851 0.0313082 0.0467803 0.0465713 0.0506357 
0 1 0 -0.194602 -0.0392676 -0.0875929 -0.0823025 -0.0908787 
0 0 1 0.591328 -0.0300126 0.146164 0.113153 0.132233 
0.0750851 -0.194602 0.591328 -0.864809 0.382988 -0.255727 -0.114321 -0.164197 
0.0313082 -0.0392676 -0.0300126 0.382988 0.921343 0.0525203 0.023479 0.0337223 
0.0467803 -0.0875929 0.146164 -0.255727 0.0525203 0.964931 -0.0156772 -0.0225168 
0.0465713 -0.0823025 0.113153 -0.114321 0.023479 -0.0156772 0.992992 -0.010066 
0.0506357 -0.0908787 0.132233 -0.164197 0.0337223 -0.0225168 -0.010066 0.985542 


1 0 0 0 0.0313082 0.0467803 0.0465713 0.0506357 
0 1 0 0 -0.0392676 -0.0875929 -0.0823025 -0.0908787 
0 0 1 0 -0.0300126 0.146164 0.113153 0.132233 
0 0 0 1 0.382988 -0.255727 -0.114321 -0.164197 
0.0313082 -0.0392676 -0.0300126 0.382988 -0.757583 0.628896 -0.00415626 0.174758 
0.0467803 -0.0875929 0.146164 -0.255727 0.628896 0.774969 0.00148719 -0.0625316 
0.0465713 -0.0823025 0.113153 -0.114321 -0.00415626 0.00148719 0.99999 0.00041326 
0.0506357 -0.0908787 0.132233 -0.164197 0.174758 -0.0625316 0.00041326 0.982624 


1 0 0 0 0 0.0467803 0.0465713 0.0506357 
0 1 0 0 0 -0.0875929 -0.0823025 -0.0908787 
0 0 1 0 0 0.146164 0.113153 0.132233 
0 0 0 1 0 -0.255727 -0.114321 -0.164197 
0 0 0 0 1 0.628896 -0.00415626 0.174758 
0.0467803 -0.0875929 0.146164 -0.255727 0.628896 -0.895041 0.351762 -0.274164 
0.0465713 -0.0823025 0.113153 -0.114321 -0.00415626 0.351762 0.934705 0.050891 
0.0506357 -0.0908787 0.132233 -0.164197 0.174758 -0.274164 0.050891 0.960335 


1 0 0 0 0 0 0.0465713 0.0506357 
0 1 0 0 0 0 -0.0823025 -0.0908787 
0 0 1 0 0 0 0.113153 0.132233 
0 0 0 1 0 0 -0.114321 -0.164197 
0 0 0 0 1 0 -0.00415626 0.174758 
0 0 0 0 0 1 0.351762 -0.274164 
0.0465713 -0.0823025 0.113153 -0.114321 -0.00415626 0.351762 -0.813784 0.581168 
0.0506357 -0.0908787 0.132233 -0.164197 0.174758 -0.274164 0.581168 0.813784 


-0.680053 0.25999 -0.412827 0.102416 -0.277857 -0.0662777 0.0124698 -0.455265 
0.25999 0.959766 0.0638854 -0.0158489 0.0429986 0.0102565 -0.00192972 0.0704526 
-0.412827 0.0638854 0.898559 0.0251659 -0.0682758 -0.0162859 0.00306412 -0.111869 
0.102416 -0.0158489 0.0251659 0.993757 0.0169381 0.00404028 -0.000760158 0.0277529 
-0.277857 0.0429986 -0.0682758 0.0169381 0.954046 -0.0109614 0.00206233 -0.0752943 
-0.0662777 0.0102565 -0.0162859 0.00404028 -0.0109614 0.997385 0.000491931 -0.0179601 
0.0124698 -0.00192972 0.00306412 -0.000760158 0.00206233 0.000491931 0.999907 0.0033791 
-0.455265 0.0704526 -0.111869 0.0277529 -0.0752943 -0.0179601 0.0033791 0.876631 


1 0.25999 -0.412827 0.102416 -0.277857 -0.0662777 0.0124698 -0.455265 
0.25999 -0.565096 0.496836 -0.241154 0.303201 0.0989412 0.0026398 0.523391 
-0.412827 0.496836 0.84228 0.0765539 -0.0962504 -0.0314087 -0.000838 -0.166149 
0.102416 -0.241154 0.0765539 0.962842 0.046718 0.0152451 0.000406749 0.0806456 
-0.277857 0.303201 -0.0962504 0.046718 0.941262 -0.0191676 -0.000511401 -0.101395 
-0.0662777 0.0989412 -0.0314087 0.0152451 -0.0191676 0.993745 -0.000166882 -0.0330874 
0.0124698 0.0026398 -0.000838 0.000406749 -0.000511401 -0.000166882 0.999996 -0.00088279 
-0.455265 0.523391 -0.166149 0.0806456 -0.101395 -0.0330874 -0.00088279 0.82497 


1 0 -0.412827 0.102416 -0.277857 -0.0662777 0.0124698 -0.455265 
0 1 0.496836 -0.241154 0.303201 0.0989412 0.0026398 0.523391 
-0.412827 0.496836 -0.629097 0.344135 -0.381962 -0.139464 -0.0581946 -0.563096 
0.102416 -0.241154 0.344135 0.927304 0.0806867 0.0294608 0.0122932 0.11895 
-0.277857 0.303201 -0.381962 0.0806867 0.910444 -0.0326991 -0.0136445 -0.132025 
-0.0662777 0.0989412 -0.139464 0.0294608 -0.0326991 0.988061 -0.00498194 -0.0482056 
0.0124698 0.0026398 -0.0581946 0.0122932 -0.0136445 -0.00498194 0.997921 -0.0201149 
-0.455265 0.523391 -0.563096 0.11895 -0.132025 -0.0482056 -0.0201149 0.805366 


1 0 0 0.102416 -0.277857 -0.0662777 0.0124698 -0.455265 
0 1 0 -0.241154 0.303201 0.0989412 0.0026398 0.523391 
0 0 1 0.344135 -0.381962 -0.139464 -0.0581946 -0.563096 
0.102416 -0.241154 0.344135 -0.591664 0.566794 0.14895 0.147556 0.533592 
-0.277857 0.303201 -0.381962 0.566794 0.798164 -0.0530414 -0.0525449 -0.190013 
-0.0662777 0.0989412 -0.139464 0.14895 -0.0530414 0.986061 -0.0138085 -0.0499343 
0.0124698 0.0026398 -0.0581946 0.147556 -0.0525449 -0.0138085 0.986321 -0.0494669 
-0.455265 0.523391 -0.563096 0.533592 -0.190013 -0.0499343 -0.0494669 0.821118 


1 0 0 0 -0.277857 -0.0662777 0.0124698 -0.455265 
0 1 0 0 0.303201 0.0989412 0.0026398 0.523391 
0 0 1 0 -0.381962 -0.139464 -0.0581946 -0.563096 
0 0 0 1 0.566794 0.14895 0.147556 0.533592 
-0.277857 0.303201 -0.381962 0.566794 -0.837129 0.153429 -0.290578 -0.437309 
-0.0662777 0.0989412 -0.139464 0.14895 0.153429 0.987186 0.0242678 0.0365221 
0.0124698 0.0026398 -0.0581946 0.147556 -0.290578 0.0242678 0.954039 -0.069169 
-0.455265 0.523391 -0.563096 0.533592 -0.437309 0.0365221 -0.069169 0.895903 


1 0 0 0 0 -0.0662777 0.0124698 -0.455265 
0 1 0 0 0 0.0989412 0.0026398 0.523391 
0 0 1 0 0 -0.139464 -0.0581946 -0.563096 
0 0 0 1 0 0.14895 0.147556 0.533592 
0 0 0 0 1 0.153429 -0.290578 -0.437309 
-0.0662777 0.0989412 -0.139464 0.14895 0.153429 -0.730805 0.559222 0.391401 
0.0124698 0.0026398 -0.0581946 0.147556 -0.290578 0.559222 0.819316 -0.126461 
-0.455265 0.523391 -0.563096 0.533592 -0.437309 0.391401 -0.126461 0.911489 


1 0 0 0 0 0 0.0124698 -0.455265 
0 1 0 0 0 0 0.0026398 0.523391 
0 0 1 0 0 0 -0.0581946 -0.563096 
0 0 0 1 0 0 0.147556 0.533592 
0 0 0 0 1 0 -0.290578 -0.437309 
0 0 0 0 0 1 0.559222 0.391401 
0.0124698 0.0026398 -0.0581946 0.147556 -0.290578 0.559222 -0.466463 -0.884541 
-0.455265 0.523391 -0.563096 0.533592 -0.437309 0.391401 -0.884541 0.466463 


0.358828 -0.372229 0.371835 -0.346994 0.200527 -0.209601 0.227237 -0.581586 
-0.372229 0.783905 0.215866 -0.201445 0.116415 -0.121683 0.131921 -0.337636 
0.371835 0.215866 0.784362 0.201232 -0.116292 0.121554 -0.131781 0.337279 
-0.346994 -0.201445 0.201232 0.812212 0.108523 -0.113433 0.122977 -0.314747 
0.200527 0.116415 -0.116292 0.108523 0.937285 0.065553 -0.0710686 0.181892 
-0.209601 -0.121683 0.121554 -0.113433 0.065553 0.931481 0.0742845 -0.190122 
0.227237 0.131921 -0.131781 0.122977 -0.0710686 0.0742845 0.919465 0.206119 
-0.581586 -0.337636 0.337279 -0.314747 0.181892 -0.190122 0.206119 0.472462 


1 -0.372229 0.371835 -0.346994 0.200527 -0.209601 0.227237 -0.581586 
-0.372229 0.398024 -0.398792 0.371171 -0.215996 0.223737 -0.24424 0.623224 
0.371835 -0.398792 0.735811 0.24589 -0.143091 0.14822 -0.161802 0.412869 
-0.346994 0.371171 0.24589 0.771141 0.13318 -0.137953 0.150595 -0.384272 
0.200527 -0.215996 -0.143091 0.13318 0.922498 0.0802795 -0.0876361 0.22362 
-0.209601 0.223737 0.14822 -0.137953 0.0802795 0.916843 0.0907769 -0.231634 
0.227237 -0.24424 -0.161802 0.150595 -0.0876361 0.0907769 0.900905 0.252861 
-0.581586 0.623224 0.412869 -0.384272 0.22362 -0.231634 0.252861 0.354778 


1 0 0.371835 -0.346994 0.200527 -0.209601 0.227237 -0.581586 
0 1 -0.398792 0.371171 -0.215996 0.223737 -0.24424 0.623224 
0.371835 -0.398792 0.434138 -0.404997 0.234718 -0.243933 0.266186 -0.679743 
-0.346994 0.371171 -0.404997 0.710137 0.167991 -0.174587 0.190514 -0.486503 
0.200527 -0.215996 0.234718 0.167991 0.90264 0.101183 -0.110413 0.281955 
-0.209601 0.223737 -0.243933 -0.174587 0.101183 0.894845 0.114748 -0.293026 
0.227237 -0.24424 0.266186 0.190514 -0.110413 0.114748 0.874784 0.319757 
-0.581586 0.623224 -0.679743 -0.486503 0.281955 -0.293026 0.319757 0.183457 


1 0 0 -0.346994 0.200527 -0.209601 0.227237 -0.581586 
0 1 0 0.371171 -0.215996 0.223737 -0.24424 0.623224 
0 0 1 -0.404997 0.234718 -0.243933 0.266186 -0.679743 
-0.346994 0.371171 -0.404997 0.449238 -0.260931 0.270319 -0.296218 0.754508 
0.200527 -0.215996 0.234718 -0.260931 0.87638 0.128067 -0.140338 0.357459 
-0.209601 0.223737 -0.243933 0.270319 0.128067 0.867325 0.145387 -0.37032 
0.227237 -0.24424 0.266186 -0.296218 -0.140338 0.145387 0.840684 0.4058 
-0.581586 0.623224 -0.679743 0.754508 0.357459 -0.37032 0.4058 -0.0336268 


1 0 0 0 0.200527 -0.209601 0.227237 -0.581586 
0 1 0 0 -0.215996 0.223737 -0.24424 0.623224 
0 0 1 0 0.234718 -0.243933 0.266186 -0.679743 
0 0 0 1 -0.260931 0.270319 -0.296218 0.754508 
0.200527 -0.215996 0.234718 -0.260931 0.291533 -0.302062 0.332144 -0.844658 
-0.209601 0.223737 -0.243933 0.270319 -0.302062 0.871213 0.141613 -0.360128 
0.227237 -0.24424 0.266186 -0.296218 0.332144 0.141613 0.844284 0.395993 
-0.581586 0.623224 -0.679743 0.754508 -0.844658 -0.360128 0.395993 -0.00702979 


1 0 0 0 0 -0.209601 0.227237 -0.581586 
0 1 0 0 0 0.223737 -0.24424 0.623224 
0 0 1 0 0 -0.243933 0.266186 -0.679743 
0 0 0 1 0 0.270319 -0.296218 0.754508 
0 0 0 0 1 -0.302062 0.332144 -0.844658 
-0.209601 0.223737 -0.243933 0.270319 -0.302062 -0.316757 0.346171 -0.88308 
0.227237 -0.24424 0.266186 -0.296218 0.332144 0.346171 0.908993 0.232159 
-0.581586 0.623224 -0.679743 0.754508 -0.844658 -0.88308 0.232159 0.407764 


1 0 0 0 0 0 0.227237 -0.581586 
0 1 0 0 0 0 -0.24424 0.623224 
0 0 1 0 0 0 0.266186 -0.679743 
0 0 0 1 0 0 -0.296218 0.754508 
0 0 0 0 1 0 0.332144 -0.844658 
0 0 0 0 0 1 0.346171 -0.88308 
0.227237 -0.24424 0.266186 -0.296218 0.332144 0.346171 -0.365054 0.930986 
-0.581586 0.623224 -0.679743 0.754508 -0.844658 -0.88308 0.930986 0.365054 


-0.301489 0.313224 -0.343191 0.381899 -0.416455 -0.266548 0.0518206 0.547905 
0.313224 0.924617 0.0825944 -0.0919102 0.100227 0.0641491 -0.0124715 -0.131862 
-0.343191 0.0825944 0.909504 0.100703 -0.109815 -0.0702862 0.0136646 0.144477 
0.381899 -0.0919102 0.100703 0.887938 0.122202 0.0782138 -0.0152058 -0.160773 
-0.416455 0.100227 -0.109815 0.122202 0.866741 -0.085291 0.0165818 0.175321 
-0.266548 0.0641491 -0.0702862 0.0782138 -0.085291 0.94541 0.010613 0.112212 
0.0518206 -0.0124715 0.0136646 -0.0152058 0.0165818 0.010613 0.997937 -0.0218156 
0.547905 -0.131862 0.144477 -0.160773 0.175321 0.112212 -0.0218156 0.769341 


1 0.313224 -0.343191 0.381899 -0.416455 -0.266548 0.0518206 0.547905 
0.313224 -0.328511 0.359939 -0.400536 0.436779 0.279557 -0.0543501 -0.574642 
-0.343191 0.359939 0.90248 0.108519 -0.118338 -0.0757413 0.0147253 0.15569 
0.381899 -0.400536 0.108519 0.879241 0.131686 0.0842842 -0.0163861 -0.17325 
-0.416455 0.436779 -0.118338 0.131686 0.856399 -0.0919108 0.0178689 0.188927 
-0.266548 0.279557 -0.0757413 0.0842842 -0.0919108 0.941173 0.0114368 0.120921 
0.0518206 -0.0543501 0.0147253 -0.0163861 0.0178689 0.0114368 0.997777 -0.0235089 
0.547905 -0.574642 0.15569 -0.17325 0.188927 0.120921 -0.0235089 0.751441 


1 0 -0.343191 0.381899 -0.416455 -0.266548 0.0518206 0.547905 
0 1 0.359939 -0.400536 0.436779 0.279557 -0.0543501 -0.574642 
-0.343191 0.359939 -0.381095 0.424078 -0.462452 -0.295984 0.0575593 0.608394 
0.381899 -0.400536 0.424078 0.869783 0.142 0.0908846 -0.0176741 -0.186813 
-0.416455 0.436779 -0.462452 0.142 0.845151 -0.0991084 0.0192734 0.203717 
-0.266548 0.279557 -0.295984 0.0908846 -0.0991084 0.936567 0.0123356 0.130386 
0.0518206 -0.0543501 0.0575593 -0.0176741 0.0192734 0.0123356 0.997601 -0.0253558 
0.547905 -0.574642 0.608394 -0.186813 0.203717 0.130386 -0.0253558 0.731993 


1 0 0 0.381899 -0.416455 -0.266548 0.0518206 0.547905 
0 1 0 -0.400536 0.436779 0.279557 -0.0543501 -0.574642 
0 0 1 0.424078 -0.462452 -0.295984 0.0575593 0.608394 
0.381899 -0.400536 0.424078 0.458689 -0.500195 -0.320142 0.06225 0.658061 
-0.416455 0.436779 -0.462452 -0.500195 0.537799 -0.295825 0.0575217 0.608077 
-0.266548 0.279557 -0.295984 -0.320142 -0.295825 0.810662 0.0368158 0.38919 
0.0518206 -0.0543501 0.0575593 0.06225 0.0575217 0.0368158 0.992841 -0.075676 
0.547905 -0.574642 0.608394 0.658061 0.608077 0.38919 -0.075676 0.200009 


1 0 0 0 -0.416455 -0.266548 0.0518206 0.547905 
0 1 0 0 0.436779 0.279557 -0.0543501 -0.574642 
0 0 1 0 -0.462452 -0.295984 0.0575593 0.608394 
0 0 0 1 -0.500195 -0.320142 0.06225 0.658061 
-0.416455 0.436779 -0.462452 -0.500195 0.562885 0.360277 -0.0700226 -0.740579 
-0.266548 0.279557 -0.295984 -0.320142 0.360277 0.703053 0.0577138 0.610398 
0.0518206 -0.0543501 0.0575593 0.06225 -0.0700226 0.0577138 0.988783 -0.118635 
0.547905 -0.574642 0.608394 0.658061 -0.740579 0.610398 -0.118635 -0.254721 


1 0 0 0 0 -0.266548 0.0518206 0.547905 
0 1 0 0 0 0.279557 -0.0543501 -0.574642 
0 0 1 0 0 -0.295984 0.0575593 0.608394 
0 0 0 1 0 -0.320142 0.06225 0.658061 
0 0 0 0 1 0.360277 -0.0700226 -0.740579 
-0.266548 0.279557 -0.295984 -0.320142 0.360277 -0.43591 0.0848092 0.895985 
0.0518206 -0.0543501 0.0575593 0.06225 -0.0700226 0.0848092 0.994991 -0.0529196 
0.547905 -0.574642 0.608394 0.658061 -0.740579 0.895985 -0.0529196 0.440919 


1 0 0 0 0 0 0.0518206 0.547905 
0 1 0 0 0 0 -0.0543501 -0.574642 
0 0 1 0 0 0 0.0575593 0.608394 
0 0 0 1 0 0 0.06225 0.658061 
0 0 0 0 1 0 -0.0700226 -0.740579 
0 0 0 0 0 1 0.0848092 0.895985 
0.0518206 -0.0543501 0.0575593 0.06225 -0.0700226 0.0848092 0.0941412 0.995559 
0.547905 -0.574642 0.608394 0.658061 -0.740579 0.895985 0.995559 -0.0941412 


0.319657 -0.302111 0.32232 0.359977 -0.425817 0.222445 0.337875 0.477612 
-0.302111 0.865846 0.143128 0.15985 -0.189087 0.0987782 0.150036 0.212087 
0.32232 0.143128 0.847297 -0.170543 0.201736 -0.105386 -0.160072 -0.226274 
0.359977 0.15985 -0.170543 0.809532 0.225305 -0.117698 -0.178773 -0.25271 
-0.425817 -0.189087 0.201736 0.225305 0.733487 0.139225 0.211471 0.298931 
0.222445 0.0987782 -0.105386 -0.117698 0.139225 0.927269 -0.110472 -0.15616 
0.337875 0.150036 -0.160072 -0.178773 0.211471 -0.110472 0.832203 -0.237194 
0.477612 0.212087 -0.226274 -0.25271 0.298931 -0.15616 -0.237194 0.664709 


1 -0.302111 0.32232 0.359977 -0.425817 0.222445 0.337875 0.477612 
-0.302111 0.318839 -0.340167 -0.37991 0.449396 -0.234762 -0.356584 -0.504058 
0.32232 -0.340167 0.830123 -0.189725 0.224425 -0.117239 -0.178076 -0.251723 
0.359977 -0.37991 -0.189725 0.78811 0.250645 -0.130936 -0.19888 -0.281133 
-0.425817 0.449396 0.224425 0.250645 0.703511 0.154884 0.235256 0.332552 
0.222445 -0.234762 -0.117239 -0.130936 0.154884 0.919089 -0.122897 -0.173724 
0.337875 -0.356584 -0.178076 -0.19888 0.235256 -0.122897 0.813331 -0.263871 
0.477612 -0.504058 -0.251723 -0.281133 0.332552 -0.173724 -0.263871 0.626998 


1 0 0.32232 0.359977 -0.425817 0.222445 0.337875 0.477612 
0 1 -0.340167 -0.37991 0.449396 -0.234762 -0.356584 -0.504058 
0.32232 -0.340167 0.358899 0.400829 -0.474142 0.247689 0.376219 0.531814 
0.359977 -0.37991 0.400829 0.749393 0.296443 -0.15486 -0.23522 -0.332501 
-0.425817 0.449396 -0.474142 0.296443 0.649337 0.183185 0.278242 0.393316 
0.222445 -0.234762 0.247689 -0.15486 0.183185 0.904305 -0.145352 -0.205466 
0.337875 -0.356584 0.376219 -0.23522 0.278242 -0.145352 0.779223 -0.312086 
0.477612 -0.504058 0.531814 -0.332501 0.393316 -0.205466 -0.312086 0.558843 


1 0 0 0.359977 -0.425817 0.222445 0.337875 0.477612 
0 1 0 -0.37991 0.449396 -0.234762 -0.356584 -0.504058 
0 0 1 0.400829 -0.474142 0.247689 0.376219 0.531814 
0.359977 -0.37991 0.400829 -0.42944 0.507986 -0.265369 -0.403073 -0.569775 
-0.425817 0.449396 -0.474142 0.507986 0.819475 0.0943053 0.143242 0.202483 
0.222445 -0.234762 0.247689 -0.265369 0.0943053 0.950735 -0.0748287 -0.105776 
0.337875 -0.356584 0.376219 -0.403073 0.143242 -0.0748287 0.886342 -0.160665 
0.477612 -0.504058 0.531814 -0.569775 0.202483 -0.105776 -0.160665 0.772888 


1 0 0 0 -0.425817 0.222445 0.337875 0.477612 
0 1 0 0 0.449396 -0.234762 -0.356584 -0.504058 
0 0 1 0 -0.474142 0.247689 0.376219 0.531814 
0 0 0 1 0.507986 -0.265369 -0.403073 -0.569775 
-0.425817 0.449396 -0.474142 0.507986 -0.562494 0.293844 0.446324 0.630913 
0.222445 -0.234762 0.247689 -0.265369 0.293844 0.944739 -0.0839362 -0.11865 
0.337875 -0.356584 0.376219 -0.403073 0.446324 -0.0839362 0.872508 -0.180219 
0.477612 -0.504058 0.531814 -0.569775 0.630913 -0.11865 -0.180219 0.745246 


1 0 0 0 0 0.222445 0.337875 0.477612 
0 1 0 0 0 -0.234762 -0.356584 -0.504058 
0 0 1 0 0 0.247689 0.376219 0.531814 
0 0 0 1 0 -0.265369 -0.403073 -0.569775 
0 0 0 0 1 0.293844 0.446324 0.630913 
0.222445 -0.234762 0.247689 -0.265369 0.293844 -0.355399 -0.53982 -0.763077 
0.337875 -0.356584 0.376219 -0.403073 0.446324 -0.53982 0.785004 -0.303914 
0.477612 -0.504058 0.531814 -0.569775 0.630913 -0.763077 -0.303914 0.570395 


1 0 0 0 0 0 0.337875 0.477612 
0 1 0 0 0 0 -0.356584 -0.504058 
0 0 1 0 0 0 0.376219 0.531814 
0 0 0 1 0 0 -0.403073 -0.569775 
0 0 0 0 1 0 0.446324 0.630913 
0 0 0 0 0 1 -0.53982 -0.763077 
0.337875 -0.356584 0.376219 -0.403073 0.446324 -0.53982 0.577524 0.816374 
0.477612 -0.504058 0.531814 -0.569775 0.630913 -0.763077 0.816374 -0.577524 


-0.324678 0.326186 -0.346473 0.304813 -0.284847 0.236604 -0.532369 -0.393314 
0.326186 0.919681 0.0853147 -0.0750567 0.0701401 -0.058261 0.13109 0.096849 
-0.346473 0.0853147 0.909379 0.0797247 -0.0745024 0.0618845 -0.139242 -0.102872 
0.304813 -0.0750567 0.0797247 0.929861 0.0655444 -0.0544436 0.1225 0.0905032 
-0.284847 0.0701401 -0.0745024 0.0655444 0.938749 0.0508773 -0.114476 -0.0845748 
0.236604 -0.058261 0.0618845 -0.0544436 0.0508773 0.957739 0.095088 0.070251 
-0.532369 0.13109 -0.139242 0.1225 -0.114476 0.095088 0.786048 -0.158068 
-0.393314 0.096849 -0.102872 0.0905032 -0.0845748 0.070251 -0.158068 0.88322 


1 0.326186 -0.346473 0.304813 -0.284847 0.236604 -0.532369 -0.393314 
0.326186 -0.344869 0.366318 -0.322273 0.301162 -0.250157 0.562862 0.415843 
-0.346473 0.366318 0.900222 0.0877812 -0.0820312 0.0681382 -0.153313 -0.113268 
0.304813 -0.322273 0.0877812 0.922773 0.0721679 -0.0599454 0.134879 0.0996489 
-0.284847 0.301162 -0.0820312 0.0721679 0.932559 0.0560187 -0.126044 -0.0931215 
0.236604 -0.250157 0.0681382 -0.0599454 0.0560187 0.953469 0.104697 0.0773502 
-0.532369 0.562862 -0.153313 0.134879 -0.126044 0.104697 0.764428 -0.174041 
-0.393314 0.415843 -0.113268 0.0996489 -0.0931215 0.0773502 -0.174041 0.871419 


1 0 -0.346473 0.304813 -0.284847 0.236604 -0.532369 -0.393314 
0 1 0.366318 -0.322273 0.301162 -0.250157 0.562862 0.415843 
-0.346473 0.366318 0.39026 -0.343336 0.320846 -0.266507 0.599651 0.443022 
0.304813 -0.322273 -0.343336 0.806672 0.180664 -0.150066 0.337655 0.24946 
-0.284847 0.301162 0.320846 0.180664 0.83117 0.140236 -0.315537 -0.233119 
0.236604 -0.250157 -0.266507 -0.150066 0.140236 0.883514 0.262097 0.193637 
-0.532369 0.562862 0.599651 0.337655 -0.315537 0.262097 0.410272 -0.435691 
-0.393314 0.415843 0.443022 0.24946 -0.233119 0.193637 -0.435691 0.678111 


1 0 0 0.304813 -0.284847 0.236604 -0.532369 -0.393314 
0 1 0 -0.322273 0.301162 -0.250157 0.562862 0.415843 
0 0 1 -0.343336 0.320846 -0.266507 0.599651 0.443022 
0.304813 -0.322273 -0.343336 0.372906 -0.348479 0.28946 -0.651295 -0.481177 
-0.284847 0.301162 0.320846 -0.348479 0.806349 0.160854 -0.361927 -0.267392 
0.236604 -0.250157 -0.266507 0.28946 0.160854 0.866389 0.300631 0.222106 
-0.532369 0.562862 0.599651 -0.651295 -0.361927 0.300631 0.32357 -0.499747 
-0.393314 0.415843 0.443022 -0.481177 -0.267392 0.222106 -0.499747 0.630787 


1 0 0 0 -0.284847 0.236604 -0.532369 -0.393314 
0 1 0 0 0.301162 -0.250157 0.562862 0.415843 
0 0 1 0 0.320846 -0.266507 0.599651 0.443022 
0 0 0 1 -0.348479 0.28946 -0.651295 -0.481177 
-0.284847 0.301162 0.320846 -0.348479 0.375569 -0.311962 0.701926 0.518583 
0.236604 -0.250157 -0.266507 0.28946 -0.311962 0.844146 0.350677 0.259081 
-0.532369 0.562862 0.599651 -0.651295 0.701926 0.350677 0.210962 -0.582941 
-0.393314 0.415843 0.443022 -0.481177 0.518583 0.259081 -0.582941 0.569323 


1 0 0 0 0 0.236604 -0.532369 -0.393314 
0 1 0 0 0 -0.250157 0.562862 0.415843 
0 0 1 0 0 -0.266507 0.599651 0.443022 
0 0 0 1 0 0.28946 -0.651295 -0.481177 
0 0 0 0 1 -0.311962 0.701926 0.518583 
0.236604 -0.250157 -0.266507 0.28946 -0.311962 -0.336603 0.757369 0.559545 
-0.532369 0.562862 0.599651 -0.651295 0.701926 0.757369 0.570846 -0.317059 
-0.393314 0.415843 0.443022 -0.481177 0.518583 0.559545 -0.317059 0.765757 


1 0 0 0 0 0 -0.532369 -0.393314 
0 1 0 0 0 0 0.562862 0.415843 
0 0 1 0 0 0 0.599651 0.443022 
0 0 0 1 0 0 -0.651295 -0.481177 
0 0 0 0 1 0 0.701926 0.518583 
0 0 0 0 0 1 0.757369 0.559545 
-0.532369 0.562862 0.599651 -0.651295 0.701926 0.757369 0.804303 0.594219 
-0.393314 0.415843 0.443022 -0.481177 0.518583 0.559545 0.594219 -0.804303 


-0.282297 0.276763 0.303864 -0.328159 0.357681 0.219341 0.623253 0.281421 
0.276763 0.940265 -0.0655842 0.0708278 -0.0771996 -0.0473411 -0.134519 -0.0607402 
0.303864 -0.0655842 0.927994 0.0777635 -0.0847592 -0.0519769 -0.147692 -0.0666881 
-0.328159 0.0708278 0.0777635 0.916019 0.0915359 0.0561326 0.1595 0.07202 
0.357681 -0.0771996 -0.0847592 0.0915359 0.900229 -0.0611824 -0.173849 -0.078499 
0.219341 -0.0473411 -0.0519769 0.0561326 -0.0611824 0.962481 -0.106609 -0.048138 
0.623253 -0.134519 -0.147692 0.1595 -0.173849 -0.106609 0.697071 -0.136783 
0.281421 -0.0607402 -0.0666881 0.07202 -0.078499 -0.048138 -0.136783 0.938237 


1 0.276763 0.303864 -0.328159 0.357681 0.219341 0.623253 0.281421 
0.276763 -0.288497 -0.316747 0.342072 -0.372846 -0.22864 -0.649678 -0.293353 
0.303864 -0.316747 0.922135 0.0840906 -0.0916556 -0.056206 -0.159708 -0.0721141 
-0.328159 0.342072 0.0840906 0.909186 0.0989837 0.0606998 0.172477 0.0778798 
0.357681 -0.372846 -0.0916556 0.0989837 0.892112 -0.0661604 -0.187994 -0.084886 
0.219341 -0.22864 -0.056206 0.0606998 -0.0661604 0.959428 -0.115284 -0.0520547 
0.623253 -0.649678 -0.159708 0.172477 -0.187994 -0.115284 0.672424 -0.147913 
0.281421 -0.293353 -0.0721141 0.0778798 -0.084886 -0.0520547 -0.147913 0.933212 


1 0 0.303864 -0.328159 0.357681 0.219341 0.623253 0.281421 
0 1 -0.316747 0.342072 -0.372846 -0.22864 -0.649678 -0.293353 
0.303864 -0.316747 -0.330813 0.357263 -0.389403 -0.238794 -0.678528 -0.30638 
-0.328159 0.342072 0.357263 0.904091 0.104537 0.0641052 0.182154 0.082249 
0.357681 -0.372846 -0.389403 0.104537 0.886059 -0.0698722 -0.198541 -0.0896483 
0.219341 -0.22864 -0.238794 0.0641052 -0.0698722 0.957152 -0.121751 -0.0549751 
0.623253 -0.649678 -0.678528 0.182154 -0.198541 -0.121751 0.654046 -0.156211 
0.281421 -0.293353 -0.30638 0.082249 -0.0896483 -0.0549751 -0.156211 0.929465 


1 0 0 -0.328159 0.357681 0.219341 0.623253 0.281421 
0 1 0 0.342072 -0.372846 -0.22864 -0.649678 -0.293353 
0 0 1 0.357263 -0.389403 -0.238794 -0.678528 -0.30638 
-0.328159 0.342072 0.357263 0.378578 -0.412636 -0.253041 -0.719011 -0.324659 
0.357681 -0.372846 -0.389403 -0.412636 0.726002 -0.168024 -0.477437 -0.21558 
0.219341 -0.22864 -0.238794 -0.253041 -0.168024 0.896963 -0.292779 -0.1322 
0.623253 -0.649678 -0.678528 -0.719011 -0.477437 -0.292779 0.168074 -0.375645 
0.281421 -0.293353 -0.30638 -0.324659 -0.21558 -0.1322 -0.375645 0.830383 


1 0 0 0 0.357681 0.219341 0.623253 0.281421 
0 1 0 0 -0.372846 -0.22864 -0.649678 -0.293353 
0 0 1 0 -0.389403 -0.238794 -0.678528 -0.30638 
0 0 0 1 -0.412636 -0.253041 -0.719011 -0.324659 
0.357681 -0.372846 -0.389403 -0.412636 0.445818 0.273389 0.776831 0.350767 
0.219341 -0.22864 -0.238794 -0.253041 0.273389 0.865131 -0.383227 -0.173041 
0.623253 -0.649678 -0.678528 -0.719011 0.776831 -0.383227 -0.0889329 -0.491692 
0.281421 -0.293353 -0.30638 -0.324659 0.350767 -0.173041 -0.491692 0.777983 


1 0 0 0 0 0.219341 0.623253 0.281421 
0 1 0 0 0 -0.22864 -0.649678 -0.293353 
0 0 1 0 0 -0.238794 -0.678528 -0.30638 
0 0 0 1 0 -0.253041 -0.719011 -0.324659 
0 0 0 0 1 0.273389 0.776831 0.350767 
0.219341 -0.22864 -0.238794 -0.253041 0.273389 0.305421 0.867848 0.391865 
0.623253 -0.649678 -0.678528 -0.719011 0.776831 0.867848 -0.0843402 -0.489619 
0.281421 -0.293353 -0.30638 -0.324659 0.350767 0.391865 -0.489619 0.77892 


1 0 0 0 0 0 0.623253 0.281421 
0 1 0 0 0 0 -0.649678 -0.293353 
0 0 1 0 0 0 -0.678528 -0.30638 
0 0 0 1 0 0 -0.719011 -0.324659 
0 0 0 0 1 0 0.776831 0.350767 
0 0 0 0 0 1 0.867848 0.391865 
0.623253 -0.649678 -0.678528 -0.719011 0.776831 0.867848 -0.911397 -0.411529 
0.281421 -0.293353 -0.30638 -0.324659 0.350767 0.391865 -0.411529 0.911397 


-0.324864 0.315733 0.331019 0.356288 -0.396437 -0.43145 -0.364213 -0.286877 
0.315733 0.924756 -0.0788865 -0.0849084 0.0944764 0.10282 0.0867969 0.0683668 
0.331019 -0.0788865 0.917294 -0.0890191 0.0990503 0.107798 0.090999 0.0716767 
0.356288 -0.0849084 -0.0890191 0.904185 0.106612 0.116027 0.0979456 0.0771483 
-0.396437 0.0944764 0.0990503 0.106612 0.881375 -0.129102 -0.108983 -0.0858418 
-0.43145 0.10282 0.107798 0.116027 -0.129102 0.859496 -0.118608 -0.0934233 
-0.364213 0.0867969 0.090999 0.0979456 -0.108983 -0.118608 0.899876 -0.0788642 
-0.286877 0.0683668 0.0716767 0.0771483 -0.0858418 -0.0934233 -0.0788642 0.937882 


1 0.315733 0.331019 0.356288 -0.396437 -0.43145 -0.364213 -0.286877 
0.315733 -0.333841 -0.350003 -0.376721 0.419173 0.456194 0.3851 0.30333 
0.331019 -0.350003 0.908158 -0.0988526 0.109992 0.119706 0.101051 0.0795945 
0.356288 -0.376721 -0.0988526 0.893601 0.118388 0.128844 0.108765 0.0856705 
-0.396437 0.419173 0.109992 0.118388 0.868271 -0.143363 -0.121022 -0.0953243 
-0.43145 0.456194 0.119706 0.128844 -0.143363 0.843975 -0.13171 -0.103743 
-0.364213 0.3851 0.101051 0.108765 -0.121022 -0.13171 0.888816 -0.0875759 
-0.286877 0.30333 0.0795945 0.0856705 -0.0953243 -0.103743 -0.0875759 0.93102 


1 0 0.331019 0.356288 -0.396437 -0.43145 -0.364213 -0.286877 
0 1 -0.350003 -0.376721 0.419173 0.456194 0.3851 0.30333 
0.331019 -0.350003 -0.371305 -0.399649 0.444684 0.483958 0.408538 0.321791 
0.356288 -0.376721 -0.399649 0.883527 0.129598 0.141044 0.119063 0.0937819 
-0.396437 0.419173 0.444684 0.129598 0.855799 -0.156937 -0.13248 -0.10435 
-0.43145 0.456194 0.483958 0.141044 -0.156937 0.829202 -0.144181 -0.113566 
-0.364213 0.3851 0.408538 0.119063 -0.13248 -0.144181 0.878289 -0.0958677 
-0.286877 0.30333 0.321791 0.0937819 -0.10435 -0.113566 -0.0958677 0.924488 


1 0 0 0.356288 -0.396437 -0.43145 -0.364213 -0.286877 
0 1 0 -0.376721 0.419173 0.456194 0.3851 0.30333 
0 0 1 -0.399649 0.444684 0.483958 0.408538 0.321791 
0.356288 -0.376721 -0.399649 0.43042 -0.478922 -0.52122 -0.439993 -0.346567 
-0.396437 0.419173 0.444684 -0.478922 0.597306 -0.438259 -0.369961 -0.291405 
-0.43145 0.456194 0.483958 -0.52122 -0.438259 0.523034 -0.402635 -0.317141 
-0.364213 0.3851 0.408538 -0.439993 -0.369961 -0.402635 0.660112 -0.267718 
-0.286877 0.30333 0.321791 -0.346567 -0.291405 -0.317141 -0.267718 0.789128 


1 0 0 0 -0.396437 -0.43145 -0.364213 -0.286877 
0 1 0 0 0.419173 0.456194 0.3851 0.30333 
0 0 1 0 0.444684 0.483958 0.408538 0.321791 
0 0 0 1 -0.478922 -0.52122 -0.439993 -0.346567 
-0.396437 0.419173 0.444684 -0.478922 -0.530586 -0.577447 -0.487457 -0.383953 
-0.43145 0.456194 0.483958 -0.52122 -0.577447 0.782146 -0.183904 -0.144854 
-0.364213 0.3851 0.408538 -0.439993 -0.487457 -0.183904 0.844756 -0.12228 
-0.286877 0.30333 0.321791 -0.346567 -0.383953 -0.144854 -0.12228 0.903684 


1 0 0 0 0 -0.43145 -0.364213 -0.286877 
0 1 0 0 0 0.456194 0.3851 0.30333 
0 0 1 0 0 0.483958 0.408538 0.321791 
0 0 0 1 0 -0.52122 -0.439993 -0.346567 
0 0 0 0 1 -0.577447 -0.487457 -0.383953 
-0.43145 0.456194 0.483958 -0.52122 -0.577447 0.681247 0.575082 0.452971 
-0.364213 0.3851 0.408538 -0.439993 -0.487457 0.575082 -0.0375411 -0.817234 
-0.286877 0.30333 0.321791 -0.346567 -0.383953 0.452971 -0.817234 0.356294 


1 0 0 0 0 0 -0.364213 -0.286877 
0 1 0 0 0 0 0.3851 0.30333 
0 0 1 0 0 0 0.408538 0.321791 
0 0 0 1 0 0 -0.439993 -0.346567 
0 0 0 0 1 0 -0.487457 -0.383953 
0 0 0 0 0 1 0.575082 0.452971 
-0.364213 0.3851 0.408538 -0.439993 -0.487457 0.575082 0.785574 0.618768 
-0.286877 0.30333 0.321791 -0.346567 -0.383953 0.452971 0.618768 -0.785574 


-0.254472 0.233359 0.250537 -0.279777 -0.193726 0.402016 0.638602 0.364396 
0.233359 0.95659 -0.0466053 0.0520445 0.0360373 -0.0747836 -0.118794 -0.0677855 
0.250537 -0.0466053 0.949964 0.0558757 0.0386901 -0.0802888 -0.127539 -0.0727755 
-0.279777 0.0520445 0.0558757 0.937603 -0.0432055 0.089659 0.142423 0.0812689 
-0.193726 0.0360373 0.0386901 -0.0432055 0.970083 0.0620828 0.0986184 0.0562732 
0.402016 -0.0747836 -0.0802888 0.089659 0.0620828 0.871167 -0.20465 -0.116777 
0.638602 -0.118794 -0.127539 0.142423 0.0986184 -0.20465 0.674913 -0.1855 
0.364396 -0.0677855 -0.0727755 0.0812689 0.0562732 -0.116777 -0.1855 0.894151 


1 0.233359 0.250537 -0.279777 -0.193726 0.402016 0.638602 0.364396 
0.233359 -0.241302 -0.259066 0.2893 0.200321 -0.415701 -0.66034 -0.3768 
0.250537 -0.259066 0.945932 0.0603784 0.0418079 -0.0867588 -0.137816 -0.0786401 
-0.279777 0.2893 0.0603784 0.932575 -0.0466872 0.0968841 0.1539 0.0878178 
-0.193726 0.200321 0.0418079 -0.0466872 0.967672 0.0670857 0.106565 0.0608079 
0.402016 -0.415701 -0.0867588 0.0968841 0.0670857 0.860786 -0.221142 -0.126187 
0.638602 -0.66034 -0.137816 0.1539 0.106565 -0.221142 0.648716 -0.200448 
0.364396 -0.3768 -0.0786401 0.0878178 0.0608079 -0.126187 -0.200448 0.885621 


1 0 0.250537 -0.279777 -0.193726 0.402016 0.638602 0.364396 
0 1 -0.259066 0.2893 0.200321 -0.415701 -0.66034 -0.3768 
0.250537 -0.259066 -0.266954 0.29811 0.206421 -0.428359 -0.680447 -0.388274 
-0.279777 0.2893 0.29811 0.929856 -0.04857 0.100791 0.160107 0.0913594 
-0.193726 0.200321 0.206421 -0.04857 0.966369 0.0697911 0.110863 0.0632602 
0.402016 -0.415701 -0.428359 0.100791 0.0697911 0.855171 -0.23006 -0.131276 
0.638602 -0.66034 -0.680447 0.160107 0.110863 -0.23006 0.63455 -0.208532 
0.364396 -0.3768 -0.388274 0.0913594 0.0632602 -0.131276 -0.208532 0.881009 


1 0 0 -0.279777 -0.193726 0.402016 0.638602 0.364396 
0 1 0 0.2893 0.200321 -0.415701 -0.66034 -0.3768 
0 0 1 0.29811 0.206421 -0.428359 -0.680447 -0.388274 
-0.279777 0.2893 0.29811 0.309336 0.214194 -0.44449 -0.706071 -0.402895 
-0.193726 0.200321 0.206421 0.214194 0.933573 0.137848 0.218972 0.124949 
0.402016 -0.415701 -0.428359 -0.44449 0.137848 0.71394 -0.454405 -0.259291 
0.638602 -0.66034 -0.680447 -0.706071 0.218972 -0.454405 0.278178 -0.411883 
0.364396 -0.3768 -0.388274 -0.402895 0.124949 -0.259291 -0.411883 0.764973 


1 0 0 0 -0.193726 0.402016 0.638602 0.364396 
0 1 0 0 0.200321 -0.415701 -0.66034 -0.3768 
0 0 1 0 0.206421 -0.428359 -0.680447 -0.388274 
0 0 0 1 0.214194 -0.44449 -0.706071 -0.402895 
-0.193726 0.200321 0.206421 0.214194 0.225241 -0.467415 -0.742488 -0.423675 
0.402016 -0.415701 -0.428359 -0.44449 -0.467415 0.718006 -0.447946 -0.255605 
0.638602 -0.66034 -0.680447 -0.706071 -0.742488 -0.447946 0.288438 -0.406028 
0.364396 -0.3768 -0.388274 -0.402895 -0.423675 -0.255605 -0.406028 0.768314 


1 0 0 0 0 0.402016 0.638602 0.364396 
0 1 0 0 0 -0.415701 -0.66034 -0.3768 
0 0 1 0 0 -0.428359 -0.680447 -0.388274 
0 0 0 1 0 -0.44449 -0.706071 -0.402895 
0 0 0 0 1 -0.467415 -0.742488 -0.423675 
0.402016 -0.415701 -0.428359 -0.44449 -0.467415 0.479743 0.762071 0.43485 
0.638602 -0.66034 -0.680447 -0.706071 -0.742488 0.762071 -0.11628 -0.636967 
0.364396 -0.3768 -0.388274 -0.402895 -0.423675 0.43485 -0.636967 0.636537 


1 0 0 0 0 0 0.638602 0.364396 
0 1 0 0 0 0 -0.66034 -0.3768 
0 0 1 0 0 0 -0.680447 -0.388274 
0 0 0 1 0 0 -0.706071 -0.402895 
0 0 0 0 1 0 -0.742488 -0.423675 
0 0 0 0 0 1 0.762071 0.43485 
0.638602 -0.66034 -0.680447 -0.706071 -0.742488 0.762071 0.868547 0.495607 
0.364396 -0.3768 -0.388274 -0.402895 -0.423675 0.43485 0.495607 -0.868547 


-0.250249 0.244731 0.252741 0.264127 0.274135 -0.335972 -0.688852 -0.285126 
0.244731 0.952095 -0.049473 -0.0517017 -0.0536608 0.0657651 0.13484 0.0558121 
0.252741 -0.049473 0.948908 -0.0533939 -0.0554171 0.0679176 0.139253 0.0576388 
0.264127 -0.0517017 -0.0533939 0.944201 -0.0579136 0.0709773 0.145526 0.0602354 
0.274135 -0.0536608 -0.0554171 -0.0579136 0.939892 0.0736668 0.151041 0.0625179 
-0.335972 0.0657651 0.0679176 0.0709773 0.0736668 0.909716 -0.185111 -0.0766201 
-0.688852 0.13484 0.139253 0.145526 0.151041 -0.185111 0.620462 -0.157096 
-0.285126 0.0558121 0.0576388 0.0602354 0.0625179 -0.0766201 -0.157096 0.934976 


1 0.244731 0.252741 0.264127 0.274135 -0.335972 -0.688852 -0.285126 
0.244731 -0.252774 -0.261047 -0.272807 -0.283145 0.347014 0.71149 0.294496 
0.252741 -0.261047 0.945604 -0.0568463 -0.0590004 0.0723091 0.148257 0.0613657 
0.264127 -0.272807 -0.0568463 0.940593 -0.0616583 0.0755666 0.154936 0.0641302 
0.274135 -0.283145 -0.0590004 -0.0616583 0.936005 0.07843 0.160807 0.0665603 
-0.335972 0.347014 0.0723091 0.0755666 0.07843 0.903878 -0.19708 -0.0815743 
-0.688852 0.71149 0.148257 0.154936 0.160807 -0.19708 0.595922 -0.167254 
-0.285126 0.294496 0.0613657 0.0641302 0.0665603 -0.0815743 -0.167254 0.930771 


1 0 0.252741 0.264127 0.274135 -0.335972 -0.688852 -0.285126 
0 1 -0.261047 -0.272807 -0.283145 0.347014 0.71149 0.294496 
0.252741 -0.261047 -0.269809 -0.281964 -0.292648 0.358661 0.735371 0.304381 
0.264127 -0.272807 -0.281964 0.937389 -0.0649832 0.0796415 0.163291 0.0675884 
0.274135 -0.283145 -0.292648 -0.0649832 0.932554 0.0826593 0.169478 0.0701495 
-0.335972 0.347014 0.358661 0.0796415 0.0826593 0.898695 -0.207708 -0.0859732 
-0.688852 0.71149 0.735371 0.163291 0.169478 -0.207708 0.574132 -0.176273 
-0.285126 0.294496 0.304381 0.0675884 0.0701495 -0.0859732 -0.176273 0.927038 


1 0 0 0.264127 0.274135 -0.335972 -0.688852 -0.285126 
0 1 0 -0.272807 -0.283145 0.347014 0.71149 0.294496 
0 0 1 -0.281964 -0.292648 0.358661 0.735371 0.304381 
0.264127 -0.272807 -0.281964 0.292824 0.303919 -0.372475 -0.763694 -0.316104 
0.274135 -0.283145 -0.292648 0.303919 0.869386 0.160077 0.328209 0.13585 
-0.335972 0.347014 0.358661 -0.372475 0.160077 0.803815 -0.402243 -0.166494 
-0.688852 0.71149 0.735371 -0.763694 0.328209 -0.402243 0.175272 -0.341367 
-0.285126 0.294496 0.304381 -0.316104 0.13585 -0.166494 -0.341367 0.858703 


1 0 0 0 0.274135 -0.335972 -0.688852 -0.285126 
0 1 0 0 -0.283145 0.347014 0.71149 0.294496 
0 0 1 0 -0.292648 0.358661 0.735371 0.304381 
0 0 0 1 0.303919 -0.372475 -0.763694 -0.316104 
0.274135 -0.283145 -0.292648 0.303919 0.317852 -0.38955 -0.798704 -0.330595 
-0.335972 0.347014 0.358661 -0.372475 -0.38955 0.777542 -0.456111 -0.188791 
-0.688852 0.71149 0.735371 -0.763694 -0.798704 -0.456111 0.0648249 -0.387082 
-0.285126 0.294496 0.304381 -0.316104 -0.330595 -0.188791 -0.387082 0.839781 


1 0 0 0 0 -0.335972 -0.688852 -0.285126 
0 1 0 0 0 0.347014 0.71149 0.294496 
0 0 1 0 0 0.358661 0.735371 0.304381 
0 0 0 1 0 -0.372475 -0.763694 -0.316104 
0 0 0 0 1 -0.38955 -0.798704 -0.330595 
-0.335972 0.347014 0.358661 -0.372475 -0.38955 0.410857 0.84239 0.348677 
-0.688852 0.71149 0.735371 -0.763694 -0.798704 0.84239 -0.204497 -0.498558 
-0.285126 0.294496 0.304381 -0.316104 -0.330595 0.348677 -0.498558 0.79364 


1 0 0 0 0 0 -0.688852 -0.285126 
0 1 0 0 0 0 0.71149 0.294496 
0 0 1 0 0 0 0.735371 0.304381 
0 0 0 1 0 0 -0.763694 -0.316104 
0 0 0 0 1 0 -0.798704 -0.330595 
0 0 0 0 0 1 0.84239 0.348677 
-0.688852 0.71149 0.735371 -0.763694 -0.798704 0.84239 0.923977 0.382447 
-0.285126 0.294496 0.304381 -0.316104 -0.330595 0.348677 0.382447 -0.923977 


