-0.779868 0.604083 -0.115545 0.0750851 0.0313082 0.0467803 0.0465713 0.0506357 
-0.594109 -0.644916 0.43178 -0.169539 -0.0288171 -0.0719779 -0.0667573 -0.0739768 
-0.180423 -0.450448 -0.654539 0.545015 -0.03772 0.126634 0.0950682 0.112183 
-0.0729415 -0.104736 -0.566658 -0.676984 0.371448 -0.210913 -0.0802207 -0.12413 
-0.0208163 -0.0251975 -0.160657 -0.425845 -0.662324 0.576009 -0.0237357 0.144062 
-0.0169744 0.0319768 -0.11917 -0.0260287 -0.599602 -0.674231 0.354949 -0.209075 
-0.00799287 0.0235479 -0.054201 0.0396706 -0.191445 -0.370652 -0.726001 0.541995 
0.0134999 -0.0555219 0.0879963 -0.163324 0.154746 -0.0913982 0.569449 0.778296 

-0.779868 -0.594109 -0.180423 -0.0729415 -0.0208163 -0.0169744 -0.00799287 0.0134999 
0.604083 -0.644916 -0.450448 -0.104736 -0.0251975 0.0319768 0.0235479 -0.0555219 
-0.115545 0.43178 -0.654539 -0.566658 -0.160657 -0.11917 -0.054201 0.0879963 
0.0750851 -0.169539 0.545015 -0.676984 -0.425845 -0.0260287 0.0396706 -0.163324 
0.0313082 -0.0288171 -0.03772 0.371448 -0.662324 -0.599602 -0.191445 0.154746 
0.0467803 -0.0719779 0.126634 -0.210913 0.576009 -0.674231 -0.370652 -0.0913982 
0.0465713 -0.0667573 0.0950682 -0.0802207 -0.0237357 0.354949 -0.726001 0.569449 
0.0506357 -0.0739768 0.112183 -0.12413 0.144062 -0.209075 0.541995 0.778296 

3.11591 -3.85543 2.0048 -1.26685 0.0231029 -0.582436 -0.358143 -0.588332 
-2.77556e-16 2.10343 -2.77589 2.1193 -0.428672 0.78658 0.327939 0.694737 
-1.59595e-16 -0.581623 2.56854 -3.6129 1.53014 -1.44584 -0.280625 -1.00037 
7.63278e-17 -0.235139 -0.285653 2.38832 -2.69278 2.22793 -0.245446 1.03739 
1.38778e-17 -0.0671048 -0.0676578 -0.588703 2.59023 -3.70153 1.45947 -1.50782 
-2.08167e-17 -0.0547197 0.100004 -0.481911 -0.0661855 2.11891 -2.62096 1.94369 
1.38778e-17 -0.0257663 0.0721746 -0.227223 0.105204 -0.859175 2.67298 -3.33034 
2.77556e-17 0.0435193 -0.168433 0.384337 -0.430643 0.929553 -0.0472801 -1.3428 



-0.926368 0.3276 -0.180085 0.0235787 -0.0318498 -0.00132614 -0.0219102 0.00618003 
-0.372172 -0.727886 0.552175 -0.131066 0.0772896 0.010376 0.051359 -0.0295865 
-0.0564306 -0.57882 -0.667175 0.425986 -0.164786 -0.0110083 -0.0712391 0.0533419 
-0.00455849 -0.150212 -0.451196 -0.671902 0.54572 -0.0624382 0.120583 -0.0783359 
0.010044 -0.069134 -0.104654 -0.556654 -0.691819 0.38979 -0.19125 0.0847235 
0.000266179 -0.0113668 -0.0322241 -0.149474 -0.419864 -0.686885 0.573025 -0.00594865 
0.00435473 -0.0184445 0.0271275 -0.112772 -0.0575093 -0.57447 -0.76181 -0.269276 
-0.00242105 -0.00380328 0.0352917 -0.0665257 0.0992023 -0.205201 -0.178826 0.954139 

-0.926368 -0.372172 -0.0564306 -0.00455849 0.010044 0.000266179 0.00435473 -0.00242105 
0.3276 -0.727886 -0.57882 -0.150212 -0.069134 -0.0113668 -0.0184445 -0.00380328 
-0.180085 0.552175 -0.667175 -0.451196 -0.104654 -0.0322241 0.0271275 0.0352917 
0.0235787 -0.131066 0.425986 -0.671902 -0.556654 -0.149474 -0.112772 -0.0665257 
-0.0318498 0.0772896 -0.164786 0.54572 -0.691819 -0.419864 -0.0575093 0.0992023 
-0.00132614 0.010376 -0.0110083 -0.0624382 0.38979 -0.686885 -0.57447 -0.205201 
-0.0219102 0.051359 -0.0712391 0.120583 -0.19125 0.573025 -0.76181 -0.178826 
0.00618003 -0.0295865 0.0533419 -0.0783359 0.0847235 -0.00594865 -0.269276 0.954139 

5.5688 -3.11625 2.43056 -0.821365 0.619347 -0.0751595 0.365746 -0.132302 
2.48282e-16 2.8777 -3.71034 2.07766 -1.27299 0.191843 -0.602894 0.301332 
3.64942e-16 -0.144729 2.33331 -2.79697 2.06021 -0.502216 0.714366 -0.354021 
3.26128e-16 -0.0116913 -0.550167 2.50312 -3.55057 1.59378 -1.25098 0.393646 
3.42608e-17 0.02576 -0.267216 -0.28647 2.39961 -2.59643 1.85847 -0.131431 
3.69984e-17 0.000682674 -0.0423369 -0.0938469 -0.526065 2.39098 -3.10043 -0.621901 
-5.72459e-17 0.0111687 -0.0732236 0.0945437 -0.449371 -0.132533 1.63077 1.13482 
-1.38778e-17 -0.00620931 -0.0112703 0.111254 -0.279137 0.27585 -0.862698 -0.975918 



-0.963589 0.247976 -0.0891057 0.04266 -0.00935509 0.0120437 0.000700509 0.00347172 
-0.266735 -0.867143 0.376076 -0.18362 0.0242794 -0.0316622 -0.00918245 -0.0095085 
-0.0174235 -0.426194 -0.727706 0.519824 -0.117728 0.0552292 0.0251306 0.0272098 
-0.00443181 -0.0679883 -0.542249 -0.696207 0.438772 -0.142368 -0.0300847 -0.0540911 
0.0047159 -0.0129142 -0.151245 -0.442405 -0.715016 0.513355 -0.00840785 0.0797602 
-0.00180369 0.0111347 -0.0588708 -0.112189 -0.494401 -0.774313 0.345069 -0.144066 
0.000975875 0.0039948 -0.0244799 -0.0166041 -0.166465 -0.334889 -0.816326 0.439157 
-2.39783e-05 -0.000348667 0.00986063 -0.0309646 0.0977328 -0.016997 0.461354 0.881054 

-0.963589 -0.266735 -0.0174235 -0.00443181 0.0047159 -0.00180369 0.000975875 -2.39783e-05 
0.247976 -0.867143 -0.426194 -0.0679883 -0.0129142 0.0111347 0.0039948 -0.000348667 
-0.0891057 0.376076 -0.727706 -0.542249 -0.151245 -0.0588708 -0.0244799 0.00986063 
0.04266 -0.18362 0.519824 -0.696207 -0.442405 -0.112189 -0.0166041 -0.0309646 
-0.00935509 0.0242794 -0.117728 0.438772 -0.715016 -0.494401 -0.166465 0.0977328 
0.0120437 -0.0316622 0.0552292 -0.142368 0.513355 -0.774313 -0.334889 -0.016997 
0.000700509 -0.00918245 0.0251306 -0.0300847 -0.00840785 0.345069 -0.816326 0.461354 
0.00347172 -0.0095085 0.0272098 -0.0540911 0.0797602 -0.144066 0.439157 0.881054 

6.91704 -3.00065 1.4517 -0.894198 0.27237 -0.229167 -0.0162614 -0.0693145 
-4.90141e-16 4.4125 -3.09999 2.2925 -0.771816 0.478296 0.0757653 0.15518 
-3.90313e-17 -0.0418457 2.5817 -3.32211 1.78112 -0.8387 -0.0881572 -0.27208 
2.66714e-17 -0.0106438 -0.187992 2.45721 -2.6981 1.63452 -0.10876 0.376 
1.12757e-17 0.0113261 -0.0395893 -0.501026 2.21424 -2.77394 0.745125 -0.501016 
3.42608e-17 -0.00433188 0.0325544 -0.213884 -0.299482 2.08171 -1.52664 0.699096 
2.25514e-17 0.00234374 0.0105463 -0.0877026 -0.0370522 -0.474905 1.12673 -0.864924 
0 -5.75882e-05 -0.000963213 0.0340596 -0.0948306 0.305626 -0.0136587 -0.362053 



-0.979789 0.191477 -0.0529689 0.0213332 -0.00909424 0.00208453 -0.00151012 0.000623622 
-0.199923 -0.929314 0.288938 -0.10796 0.035084 -0.00162429 0.00507947 -0.00254451 
-0.00552855 -0.31443 -0.845223 0.407122 -0.143678 -0.000786544 -0.0156865 0.0079844 
-0.00312664 -0.0285637 -0.437562 -0.766654 0.460202 -0.0820007 0.0301483 -0.0231679 
0.00202023 -0.00462902 -0.0881556 -0.459933 -0.766158 0.43098 -0.0731489 0.0507151 
-0.000729678 0.00285345 -0.00563367 -0.140644 -0.412065 -0.812273 0.384446 -0.0528645 
4.26201e-05 0.000575238 0.00597495 -0.0526553 -0.0968899 -0.35544 -0.903335 -0.213197 
-5.94771e-05 -0.000130438 0.00290189 -0.0170809 0.00854214 -0.146286 -0.172204 0.973947 

-0.979789 -0.199923 -0.00552855 -0.00312664 0.00202023 -0.000729678 4.26201e-05 -5.94771e-05 
0.191477 -0.929314 -0.31443 -0.0285637 -0.00462902 0.00285345 0.000575238 -0.000130438 
-0.0529689 0.288938 -0.845223 -0.437562 -0.0881556 -0.00563367 0.00597495 0.00290189 
0.0213332 -0.10796 0.407122 -0.766654 -0.459933 -0.140644 -0.0526553 -0.0170809 
-0.00909424 0.035084 -0.143678 0.460202 -0.766158 -0.412065 -0.0968899 0.00854214 
0.00208453 -0.00162429 -0.000786544 -0.0820007 0.43098 -0.812273 -0.35544 -0.146286 
-0.00151012 0.00507947 -0.0156865 0.0301483 -0.0731489 0.384446 -0.903335 -0.172204 
0.000623622 -0.00254451 0.0079844 -0.0231679 0.0507151 -0.0528645 -0.213197 0.973947 

7.73874 -2.60021 0.974533 -0.461569 0.209073 -0.0427395 0.0293422 -0.0132105 
7.53825e-17 5.33185 -2.82346 1.47547 -0.655731 0.0959644 -0.0748067 0.0392324 
-1.51192e-16 -0.011399 3.56856 -2.84302 1.5998 -0.333115 0.151879 -0.0868638 
-7.83336e-17 -0.00644663 -0.0667502 2.37728 -2.48851 1.08575 -0.283394 0.148338 
-3.7405e-18 0.00416539 -0.0120009 -0.230457 2.06952 -1.93707 0.611925 -0.164245 
2.33103e-18 -0.00150448 0.00715619 -0.0171251 -0.355642 1.48456 -1.07109 -0.0160701 
-6.50521e-19 8.78758e-05 0.00135379 0.0154649 -0.138828 -0.178675 0.769121 0.324148 
-1.73472e-18 -0.000122632 -0.000283651 0.00778907 -0.0457572 0.0211788 -0.171081 -0.266945 



-0.9886 0.146676 -0.0324587 0.00952109 -0.00332235 0.000838091 2.49823e-05 8.61733e-05 
-0.150545 -0.960303 0.226991 -0.0581528 0.0155458 -0.00237967 -0.000464514 -0.000423958 
-0.0017498 -0.236904 -0.922644 0.292618 -0.0826446 0.0113733 0.00333977 0.00222722 
-0.00161841 -0.0133734 -0.306855 -0.866709 0.382146 -0.0905463 -0.013298 -0.00794307 
0.000615727 -0.00133539 -0.0445763 -0.393396 -0.840644 0.369169 -0.00970482 0.0137363 
-0.00013682 0.000489876 -0.000148533 -0.0700567 -0.357061 -0.878513 0.308041 -0.0304015 
1.28247e-05 1.05204e-05 0.00138518 -0.00653686 -0.106861 -0.284637 -0.908983 0.285075 
-4.03488e-06 3.32831e-05 -7.35903e-05 -0.00253063 0.0358933 0.0507554 0.280317 0.957889 

-0.9886 -0.150545 -0.0017498 -0.00161841 0.000615727 -0.00013682 1.28247e-05 -4.03488e-06 
0.146676 -0.960303 -0.236904 -0.0133734 -0.00133539 0.000489876 1.05204e-05 3.32831e-05 
-0.0324587 0.226991 -0.922644 -0.306855 -0.0445763 -0.000148533 0.00138518 -7.35903e-05 
0.00952109 -0.0581528 0.292618 -0.866709 -0.393396 -0.0700567 -0.00653686 -0.00253063 
-0.00332235 0.0155458 -0.0826446 0.382146 -0.840644 -0.357061 -0.106861 0.0358933 
0.000838091 -0.00237967 0.0113733 -0.0905463 0.369169 -0.878513 -0.284637 0.0507554 
2.49823e-05 -0.000464514 0.00333977 -0.013298 -0.00970482 0.308041 -0.908983 0.280317 
8.61733e-05 -0.000423958 0.00222722 -0.00794307 0.0137363 -0.0304015 0.285075 0.957889 

8.23763 -2.11717 0.62808 -0.209104 0.0751964 -0.018237 -0.0011108 -0.00188378 
-1.26404e-17 5.8772 -2.39657 0.847865 -0.293434 0.0622722 0.00777844 0.0071693 
-5.11599e-17 -0.0029261 4.1689 -2.19764 0.930358 -0.233868 -0.022231 -0.0208795 
2.72745e-19 -0.00270638 -0.0257628 2.74416 -2.01574 0.757905 -0.00752583 0.0395812 
4.72814e-18 0.00102965 -0.00280999 -0.0847601 1.85805 -1.26693 0.218532 -0.0469971 
-6.77626e-21 -0.000228797 0.00100361 -0.000492439 -0.129662 1.10406 -0.629182 0.103859 
-4.06576e-19 2.1446e-05 1.67379e-05 0.00264897 -0.0126871 -0.136356 0.550371 -0.245264 
5.42101e-19 -6.74731e-06 6.65803e-05 -0.000154594 -0.00465373 0.0472987 0.0301864 -0.167104 



-0.99361 0.111228 -0.0187495 0.00397379 -0.000914063 0.000149857 -6.05875e-06 4.3174e-06 
-0.112868 -0.978257 0.171175 -0.0306879 0.00548793 -0.000609609 -3.11426e-05 -1.51339e-05 
-0.000567111 -0.17491 -0.960761 0.211473 -0.0400571 0.0043007 0.000327158 0.000115311 
-0.000685056 -0.00686225 -0.216604 -0.93882 0.264351 -0.0420524 -1.59576e-05 -0.00149274 
0.000145284 -0.00031885 -0.0191821 -0.268632 -0.930281 0.247781 -0.0239131 0.00890838 
-1.92507e-05 7.54745e-05 7.99289e-05 -0.0278422 -0.247447 -0.933712 0.256402 -0.0208293 
9.81139e-07 -2.00263e-07 0.00017246 -0.000705053 -0.0426296 -0.246857 -0.953692 -0.166478 
9.39188e-08 -9.94567e-07 -8.74131e-06 0.000273371 -0.00361586 -0.0637214 -0.155425 0.985784 

-0.99361 -0.112868 -0.000567111 -0.000685056 0.000145284 -1.92507e-05 9.81139e-07 9.39188e-08 
0.111228 -0.978257 -0.17491 -0.00686225 -0.00031885 7.54745e-05 -2.00263e-07 -9.94567e-07 
-0.0187495 0.171175 -0.960761 -0.216604 -0.0191821 7.99289e-05 0.00017246 -8.74131e-06 
0.00397379 -0.0306879 0.211473 -0.93882 -0.268632 -0.0278422 -0.000705053 0.000273371 
-0.000914063 0.00548793 -0.0400571 0.264351 -0.930281 -0.247447 -0.0426296 -0.00361586 
0.000149857 -0.000609609 0.0043007 -0.0420524 0.247781 -0.933712 -0.246857 -0.0637214 
-6.05875e-06 -3.11426e-05 0.000327158 -1.59576e-05 -0.0239131 0.256402 -0.953692 -0.155425 
4.3174e-06 -1.51339e-05 0.000115311 -0.00149274 0.00890838 -0.0208293 -0.166478 0.985784 

8.53142 -1.65843 0.370211 -0.0878788 0.0206822 -0.0033012 9.31333e-05 -9.87932e-05 
2.18621e-16 6.19222 -1.86399 0.46303 -0.104767 0.0150833 2.95335e-05 0.00046276 
-5.30225e-17 -0.000741703 4.41802 -1.64433 0.448117 -0.0746248 0.00160521 -0.00248008 
-6.90206e-18 -0.000895959 -0.0102003 3.04034 -1.35132 0.314533 -0.0257591 0.0108746 
-4.80914e-18 0.000190012 -0.000506181 -0.0261919 1.75364 -0.735082 0.132502 -0.0217347 
-1.12899e-18 -2.51773e-05 0.000117062 9.23965e-05 -0.0329153 0.998256 -0.403003 -0.000174442 
-1.51619e-19 1.28319e-06 -4.79873e-07 0.00023623 -0.000867872 -0.0285632 0.447929 0.114326 
-3.38813e-20 1.22833e-07 -1.51352e-06 -1.17507e-05 0.000324773 -0.00247178 -0.0234161 -0.132008 



-0.99646 0.0834116 -0.0103309 0.00154674 -0.000205467 2.0403e-05 -5.30718e-07 -1.26444e-07 
-0.0840628 -0.988429 0.125267 -0.0157307 0.00163636 -0.00011318 -1.82531e-06 9.25484e-07 
-0.000200518 -0.126645 -0.98027 0.150836 -0.0167115 0.00114837 2.6002e-05 -1.01384e-05 
-0.000260356 -0.00349897 -0.152361 -0.975523 0.157761 -0.0154682 0.000177291 0.000121314 
3.05883e-05 -7.37113e-05 -0.00764389 -0.158931 -0.974869 0.155678 -0.00873094 -0.000823711 
-2.31443e-06 1.10258e-05 2.4876e-05 -0.00967391 -0.155898 -0.978631 0.133728 -0.0010552 
5.49651e-08 -3.38372e-08 1.76274e-05 -7.75145e-05 -0.0124571 -0.132837 -0.985832 0.101655 
-1.48671e-09 2.02821e-08 3.6785e-07 -1.34217e-05 0.000280964 0.0126667 0.100872 0.994819 

-0.99646 -0.0840628 -0.000200518 -0.000260356 3.05883e-05 -2.31443e-06 5.49651e-08 -1.48671e-09 
0.0834116 -0.988429 -0.126645 -0.00349897 -7.37113e-05 1.10258e-05 -3.38372e-08 2.02821e-08 
-0.0103309 0.125267 -0.98027 -0.152361 -0.00764389 2.4876e-05 1.76274e-05 3.6785e-07 
0.00154674 -0.0157307 0.150836 -0.975523 -0.158931 -0.00967391 -7.75145e-05 -1.34217e-05 
-0.000205467 0.00163636 -0.0167115 0.157761 -0.974869 -0.155898 -0.0124571 0.000280964 
2.0403e-05 -0.00011318 0.00114837 -0.0154682 0.155678 -0.978631 -0.132837 0.0126667 
-5.30718e-07 -1.82531e-06 2.6002e-05 0.000177291 -0.00873094 0.133728 -0.985832 0.100872 
-1.26444e-07 9.25484e-07 -1.01384e-05 0.000121314 -0.000823711 -0.0010552 0.101655 0.994819 

8.69947 -1.26472 0.205857 -0.034308 0.00465655 -0.000452527 9.62134e-06 2.9894e-06 
3.5026e-16 6.35957 -1.38184 0.239755 -0.0313157 0.00277221 -2.30211e-05 -2.06474e-05 
-2.09262e-17 -0.000199904 4.52518 -1.17633 0.184454 -0.0188341 0.000384321 0.000132793 
-1.03734e-17 -0.000259559 -0.00384536 3.11882 -0.784565 0.110007 -0.00533295 -0.000614058 
-1.19653e-18 3.04948e-05 -8.46844e-05 -0.00732108 1.72734 -0.433459 0.041022 0.00097828 
1.21471e-20 -2.30735e-06 1.24368e-05 2.25862e-05 -0.00644793 0.979611 -0.192648 0.00737706 
1.07997e-20 5.4797e-08 -4.30442e-08 1.69076e-05 -5.31081e-05 -0.00459619 0.419164 -0.0569558 
-1.05879e-21 -1.48216e-09 2.25952e-08 3.50441e-07 -8.97348e-06 0.000104462 0.0021365 -0.121165 



-0.998061 0.0619914 -0.00552956 0.000569237 -4.22684e-05 2.40261e-06 -3.03584e-08 2.08642e-09 
-0.06224 -0.993955 0.0901051 -0.00777667 0.00045325 -1.80436e-05 -1.10358e-07 -2.20874e-08 
-8.02178e-05 -0.0905952 -0.990352 0.104655 -0.00652551 0.000261798 2.07843e-06 3.40385e-07 
-9.39629e-05 -0.00173138 -0.105094 -0.990394 0.0897002 -0.00508854 3.58399e-05 -5.54655e-06 
6.14539e-06 -1.75452e-05 -0.00294808 -0.0899795 -0.991766 0.0910475 -0.00243259 6.01068e-05 
-2.60006e-07 1.5884e-06 5.37747e-06 -0.00314368 -0.0911126 -0.99394 0.061413 0.000320143 
2.72297e-09 -2.30294e-09 1.67154e-06 -9.49943e-06 -0.00318694 -0.0613528 -0.997515 -0.0344747 
2.15375e-11 -3.8273e-10 -1.07073e-08 5.5859e-07 -2.06003e-05 -0.00180349 -0.034429 0.999406 

-0.998061 -0.06224 -8.02178e-05 -9.39629e-05 6.14539e-06 -2.60006e-07 2.72297e-09 2.15375e-11 
0.0619914 -0.993955 -0.0905952 -0.00173138 -1.75452e-05 1.5884e-06 -2.30294e-09 -3.8273e-10 
-0.00552956 0.0901051 -0.990352 -0.105094 -0.00294808 5.37747e-06 1.67154e-06 -1.07073e-08 
0.000569237 -0.00777667 0.104655 -0.990394 -0.0899795 -0.00314368 -9.49943e-06 5.5859e-07 
-4.22684e-05 0.00045325 -0.00652551 0.0897002 -0.991766 -0.0911126 -0.00318694 -2.06003e-05 
2.40261e-06 -1.80436e-05 0.000261798 -0.00508854 0.0910475 -0.99394 -0.0613528 -0.00180349 
-3.03584e-08 -1.10358e-07 2.07843e-06 3.58399e-05 -0.00243259 0.061413 -0.997515 -0.034429 
2.08642e-09 -2.20874e-08 3.40385e-07 -5.54655e-06 6.01068e-05 0.000320143 -0.0344747 0.999406 

8.79339 -0.947971 0.110653 -0.0126421 0.000959264 -5.35008e-05 5.7282e-07 -4.96064e-08 
1.2785e-16 6.44309 -0.999063 0.118651 -0.00867053 0.000442067 -2.27675e-06 4.68872e-07 
6.05343e-19 -5.99442e-05 4.57002 -0.811542 0.0712641 -0.00419942 4.52984e-05 -4.09006e-06 
-5.20379e-19 -7.02154e-05 -0.00137402 3.11158 -0.438281 0.0353434 -0.000820789 2.54371e-05 
1.14731e-19 4.59225e-06 -1.43142e-05 -0.00193051 1.72514 -0.247371 0.01077 -4.72839e-05 
1.39725e-20 -1.94294e-07 1.27959e-06 3.43377e-06 -0.00115 0.966637 -0.0855635 -0.00124559 
5.51109e-22 2.03479e-09 -1.98425e-09 1.0953e-06 -3.52798e-06 -0.000654796 0.414157 0.0185297 
3.30872e-24 1.60943e-11 -3.06061e-10 -6.99386e-09 2.04652e-07 -4.24297e-06 -0.00013248 -0.119752 



-0.998947 0.0457893 -0.00290998 0.000202721 -8.39436e-06 2.6642e-07 -1.49213e-09 -3.00697e-11 
-0.0458821 -0.996876 0.0641844 -0.00375208 0.000122037 -2.70902e-06 -7.19681e-09 4.35621e-10 
-3.58104e-05 -0.0643548 -0.995378 0.0712334 -0.00248581 5.60434e-05 1.80407e-07 -9.48469e-09 
-3.30931e-05 -0.000837557 -0.0713621 -0.996172 0.0504442 -0.0016071 5.34127e-06 2.25697e-07 
1.2105e-06 -4.3385e-06 -0.00112059 -0.0505089 -0.997397 0.0514446 -0.000612087 -4.29498e-06 
-2.84441e-08 2.29337e-07 1.0766e-06 -0.000995102 -0.0514578 -0.99831 0.0269864 -4.38611e-05 
1.29064e-10 -1.33142e-10 1.53826e-07 -1.24704e-06 -0.000778208 -0.0269811 -0.999583 0.0102975 
-2.98998e-13 7.08239e-12 2.87582e-10 -2.22306e-08 1.4615e-06 0.000234286 0.010295 0.999947 

-0.998947 -0.0458821 -3.58104e-05 -3.30931e-05 1.2105e-06 -2.84441e-08 1.29064e-10 -2.98998e-13 
0.0457893 -0.996876 -0.0643548 -0.000837557 -4.3385e-06 2.29337e-07 -1.33142e-10 7.08239e-12 
-0.00290998 0.0641844 -0.995378 -0.0713621 -0.00112059 1.0766e-06 1.53826e-07 2.87582e-10 
0.000202721 -0.00375208 0.0712334 -0.996172 -0.0505089 -0.000995102 -1.24704e-06 -2.22306e-08 
-8.39436e-06 0.000122037 -0.00248581 0.0504442 -0.997397 -0.0514578 -0.000778208 1.4615e-06 
2.6642e-07 -2.70902e-06 5.60434e-05 -0.0016071 0.0514446 -0.99831 -0.0269811 0.000234286 
-1.49213e-09 -7.19681e-09 1.80407e-07 5.34127e-06 -0.000612087 0.0269864 -0.999583 0.010295 
-3.00697e-11 4.35621e-10 -9.48469e-09 2.25697e-07 -4.29498e-06 -4.38611e-05 0.0102975 0.999947 

8.84505 -0.70321 0.058346 -0.00450476 0.00019068 -5.9452e-06 2.84872e-08 7.15338e-10 
-1.29759e-16 6.48315 -0.712911 0.0571951 -0.00233272 6.65531e-05 -1.5925e-07 -9.16683e-09 
7.90386e-18 -1.98533e-05 4.58662 -0.549496 0.0269687 -0.000891618 4.38827e-06 1.11935e-07 
8.90542e-19 -1.83469e-05 -0.000474017 3.09354 -0.244071 0.0110509 -0.000114409 -1.01338e-06 
2.47213e-20 6.71102e-07 -2.49556e-06 -0.000494701 1.72543 -0.13858 0.00265446 3.14043e-06 
1.10942e-21 -1.57695e-08 1.30884e-07 4.69206e-07 -0.000200837 0.960408 -0.0371581 0.000162821 
-8.02745e-24 7.15532e-11 -7.92576e-11 6.79287e-08 -2.5353e-07 -8.89023e-05 0.412895 -0.00549029 
-1.03398e-25 -1.65765e-13 4.02512e-12 1.26797e-10 -4.48988e-09 1.67088e-07 7.42031e-06 -0.119626 



-0.999431 0.033691 -0.00151688 7.0969e-05 -1.64351e-06 2.89193e-08 -6.98972e-11 4.14133e-13 
-0.0337252 -0.998394 0.0454765 -0.00178668 3.25045e-05 -3.99112e-07 -4.76238e-10 -8.16075e-12 
-1.71716e-05 -0.0455351 -0.997809 0.0479953 -0.000938457 1.17527e-05 1.62805e-08 2.51773e-10 
-1.15211e-05 -0.000399856 -0.0480342 -0.998444 0.0283285 -0.000501869 7.32665e-07 -8.90481e-09 
2.36372e-07 -1.10409e-06 -0.000423209 -0.0283437 -0.999186 0.0287019 -0.000148668 3.0201e-07 
-3.07962e-09 3.32892e-08 2.14854e-07 -0.000312011 -0.0287043 -0.999519 0.0116993 5.50588e-06 
6.02811e-12 -7.57308e-12 1.39729e-08 -1.67279e-07 -0.000187266 -0.0116987 -0.999927 -0.00300226 
4.07178e-15 -1.30307e-13 -7.56246e-12 8.72688e-10 -1.02164e-07 -2.96281e-05 -0.00300212 0.999995 

-0.999431 -0.0337252 -1.71716e-05 -1.15211e-05 2.36372e-07 -3.07962e-09 6.02811e-12 4.07178e-15 
0.033691 -0.998394 -0.0455351 -0.000399856 -1.10409e-06 3.32892e-08 -7.57308e-12 -1.30307e-13 
-0.00151688 0.0454765 -0.997809 -0.0480342 -0.000423209 2.14854e-07 1.39729e-08 -7.56246e-12 
7.0969e-05 -0.00178668 0.0479953 -0.998444 -0.0283437 -0.000312011 -1.67279e-07 8.72688e-10 
-1.64351e-06 3.25045e-05 -0.000938457 0.0283285 -0.999186 -0.0287043 -0.000187266 -1.02164e-07 
2.89193e-08 -3.99112e-07 1.17527e-05 -0.000501869 0.0287019 -0.999519 -0.0116987 -2.96281e-05 
-6.98972e-11 -4.76238e-10 1.62805e-08 7.32665e-07 -0.000148668 0.0116993 -0.999927 -0.00300212 
4.14133e-13 -8.16075e-12 2.51773e-10 -8.90481e-09 3.0201e-07 5.50588e-06 -0.00300226 0.999995 

8.87315 -0.518516 0.0304408 -0.00157746 3.7353e-05 -6.46057e-07 1.33859e-09 -9.85193e-12 
2.5132e-17 6.50184 -0.505343 0.0272106 -0.00062101 9.82989e-06 -1.01636e-08 1.71546e-10 
3.62084e-18 -7.02056e-06 4.59167 -0.369008 0.0101446 -0.000186438 4.00477e-07 -2.95873e-09 
1.11281e-19 -4.71037e-06 -0.000160362 3.08104 -0.136387 0.00343692 -1.54871e-05 3.97862e-08 
-6.44033e-21 9.66401e-08 -4.4687e-07 -0.000125188 1.72558 -0.0770954 0.000640487 -2.21434e-07 
-1.81114e-22 -1.25909e-09 1.3412e-08 6.31369e-08 -3.50295e-05 0.958023 -0.016048 -2.04504e-05 
-1.42656e-24 2.46457e-12 -3.13207e-12 4.13383e-09 -1.88435e-08 -1.18746e-05 0.412619 0.00159826 
0 1.66474e-15 -5.23783e-14 -2.23562e-12 9.80084e-11 -6.47976e-09 -4.04299e-07 -0.119616 



-0.999694 0.0247315 -0.000786588 2.46353e-05 -3.19877e-07 3.11709e-09 -3.237e-12 -5.61187e-15 
-0.024744 -0.999177 0.0321299 -0.00084536 8.62266e-06 -5.85296e-08 -3.10904e-11 1.50606e-13 
-8.5572e-06 -0.0321501 -0.998965 0.0321839 -0.000353175 2.45067e-06 1.47668e-09 -6.59204e-12 
-3.98889e-06 -0.00018956 -0.0321959 -0.999355 0.015916 -0.000156387 9.85781e-08 3.48255e-10 
4.59718e-08 -2.86036e-07 -0.000159386 -0.0159196 -0.999746 0.015946 -3.57138e-05 -2.10495e-08 
-3.3202e-10 4.85334e-09 4.34424e-08 -9.75022e-05 -0.0159464 -0.99986 0.00505236 -6.85982e-07 
2.80147e-13 -4.40907e-13 1.26182e-09 -2.2534e-08 -4.48613e-05 -0.00505229 -0.999987 0.000871368 
-5.5008e-17 2.39325e-15 1.97633e-13 -3.41072e-11 7.10206e-09 3.71685e-06 0.000871361 1 

-0.999694 -0.024744 -8.5572e-06 -3.98889e-06 4.59718e-08 -3.3202e-10 2.80147e-13 -5.5008e-17 
0.0247315 -0.999177 -0.0321501 -0.00018956 -2.86036e-07 4.85334e-09 -4.40907e-13 2.39325e-15 
-0.000786588 0.0321299 -0.998965 -0.0321959 -0.000159386 4.34424e-08 1.26182e-09 1.97633e-13 
2.46353e-05 -0.00084536 0.0321839 -0.999355 -0.0159196 -9.75022e-05 -2.2534e-08 -3.41072e-11 
-3.19877e-07 8.62266e-06 -0.000353175 0.015916 -0.999746 -0.0159464 -4.48613e-05 7.10206e-09 
3.11709e-09 -5.85296e-08 2.45067e-06 -0.000156387 0.015946 -0.99986 -0.00505229 3.71685e-06 
-3.237e-12 -3.10904e-11 1.47668e-09 9.85781e-08 -3.57138e-05 0.00505236 -0.999987 0.000871361 
-5.61187e-15 1.50606e-13 -6.59204e-12 3.48255e-10 -2.10495e-08 -6.85982e-07 0.000871368 1 

8.88834 -0.381031 0.0157915 -0.000547656 7.27234e-06 -6.96762e-08 6.20311e-11 1.31987e-13 
1.16288e-16 6.51036 -0.357036 0.0128666 -0.000164698 1.44404e-06 -6.37441e-10 -3.16656e-12 
3.46808e-20 -2.5712e-06 4.59261 -0.24698 0.00381065 -3.88377e-05 3.60154e-08 7.73676e-11 
4.05809e-20 -1.19855e-06 -5.37034e-05 3.07413 -0.0764442 0.00106921 -2.08254e-06 -1.55348e-09 
-1.23429e-24 1.38133e-08 -8.14459e-08 -3.15202e-05 1.7256 -0.0427922 0.000153546 1.55265e-08 
1.47413e-23 -9.97629e-11 1.37841e-09 8.56235e-09 -6.12255e-06 0.957201 -0.00692214 2.55582e-06 
-8.25192e-27 8.41766e-14 -1.27194e-13 2.49553e-10 -1.41714e-09 -1.57784e-06 0.412564 -0.000463742 
-1.89327e-29 -1.65284e-17 6.78855e-16 3.90716e-14 -2.14204e-12 2.49808e-10 2.18605e-08 -0.119615 



-0.999836 0.0181298 -0.000406748 8.51672e-06 -6.21012e-08 3.35223e-10 -1.49677e-13 7.56111e-17 
-0.0181344 -0.999579 0.022667 -0.000398797 2.28413e-06 -8.5792e-09 -2.00282e-12 -2.76745e-15 
-4.34448e-06 -0.022674 -0.999511 0.0215358 -0.000132777 5.10433e-07 1.33551e-10 1.71931e-13 
-1.37739e-06 -8.95428e-05 -0.0215396 -0.999728 0.00894702 -4.87342e-05 1.32257e-08 -1.35875e-11 
8.92402e-09 -7.48568e-08 -5.99564e-05 -0.00894789 -0.999921 0.0088472 -8.55075e-06 1.46188e-09 
-3.57302e-11 7.09652e-10 8.89168e-09 -3.04331e-05 -0.00884728 -0.999958 0.00217945 8.55921e-08 
1.29956e-14 -2.63918e-14 1.13645e-10 -3.03545e-09 -1.0732e-05 -0.00217944 -0.999998 -0.000252692 
7.40694e-19 -4.39322e-17 -5.15452e-15 1.33104e-12 -4.92764e-10 -4.65153e-07 -0.000252692 1 

-0.999836 -0.0181344 -4.34448e-06 -1.37739e-06 8.92402e-09 -3.57302e-11 1.29956e-14 7.40694e-19 
0.0181298 -0.999579 -0.022674 -8.95428e-05 -7.48568e-08 7.09652e-10 -2.63918e-14 -4.39322e-17 
-0.000406748 0.022667 -0.999511 -0.0215396 -5.99564e-05 8.89168e-09 1.13645e-10 -5.15452e-15 
8.51672e-06 -0.000398797 0.0215358 -0.999728 -0.00894789 -3.04331e-05 -3.03545e-09 1.33104e-12 
-6.21012e-08 2.28413e-06 -0.000132777 0.00894702 -0.999921 -0.00884728 -1.0732e-05 -4.92764e-10 
3.35223e-10 -8.5792e-09 5.10433e-07 -4.87342e-05 0.0088472 -0.999958 -0.00217944 -4.65153e-07 
-1.49677e-13 -2.00282e-12 1.33551e-10 1.32257e-08 -8.55075e-06 0.00217945 -0.999998 -0.000252692 
7.56111e-17 -2.76745e-15 1.71931e-13 -1.35875e-11 1.46188e-09 8.55921e-08 -0.000252692 1 

8.89652 -0.279469 0.00816729 -0.000189345 1.41211e-06 -7.49552e-09 2.86499e-12 -2.39811e-16 
3.00898e-17 6.51417 -0.251856 0.00606761 -4.36237e-05 2.11888e-07 -4.0005e-11 5.84079e-14 
-7.77044e-19 -9.57517e-07 4.59233 -0.165101 0.0014313 -8.08651e-06 3.23107e-09 -2.01714e-12 
3.03477e-20 -3.03575e-07 -1.78934e-05 3.07063 -0.0429242 0.000332972 -2.79802e-07 6.05664e-11 
8.54813e-23 1.96684e-09 -1.49998e-08 -7.92146e-06 1.7256 -0.023735 3.67393e-05 -1.08133e-09 
1.65717e-24 -7.87487e-12 1.42e-10 1.17279e-09 -1.07202e-06 0.956932 -0.00298493 -3.1938e-07 
3.34423e-27 2.86422e-15 -5.32857e-15 1.50153e-11 -1.06997e-10 -2.09316e-07 0.412553 0.000134476 
8.87469e-31 1.63248e-19 -8.78476e-18 -6.80912e-16 4.68895e-14 -9.61102e-12 -1.17943e-09 -0.119615 



-0.999912 0.0132799 -0.000210017 2.9386e-06 -1.20432e-08 3.60258e-11 -6.92414e-15 -1.01669e-18 
-0.0132816 -0.999784 0.0159793 -0.000187886 6.04793e-07 -1.25806e-09 -1.27953e-13 5.07957e-17 
-2.22456e-06 -0.0159817 -0.999769 0.0143978 -4.9904e-05 1.06316e-07 1.20432e-11 -4.4798e-15 
-4.75012e-07 -4.22217e-05 -0.014399 -0.999884 0.00503121 -1.51923e-05 1.77537e-09 5.29837e-13 
1.73072e-09 -1.96983e-08 -2.25429e-05 -0.00503142 -0.999975 0.00490655 -2.0452e-06 -1.01398e-10 
-3.84184e-12 1.03948e-10 1.83472e-09 -9.49499e-06 -0.00490657 -0.999988 0.000939853 -1.06921e-08 
6.02402e-16 -1.61422e-15 1.0223e-11 -4.08641e-10 -2.5663e-06 -0.000939852 -1 7.32681e-05 
-9.95975e-21 8.06336e-19 1.34346e-16 -5.19179e-14 3.41679e-11 5.81697e-08 7.32681e-05 1 

-0.999912 -0.0132816 -2.22456e-06 -4.75012e-07 1.73072e-09 -3.84184e-12 6.02402e-16 -9.95975e-21 
0.0132799 -0.999784 -0.0159817 -4.22217e-05 -1.96983e-08 1.03948e-10 -1.61422e-15 8.06336e-19 
-0.000210017 0.0159793 -0.999769 -0.014399 -2.25429e-05 1.83472e-09 1.0223e-11 1.34346e-16 
2.9386e-06 -0.000187886 0.0143978 -0.999884 -0.00503142 -9.49499e-06 -4.08641e-10 -5.19179e-14 
-1.20432e-08 6.04793e-07 -4.9904e-05 0.00503121 -0.999975 -0.00490657 -2.5663e-06 3.41679e-11 
3.60258e-11 -1.25806e-09 1.06316e-07 -1.51923e-05 0.00490655 -0.999988 -0.000939852 5.81697e-08 
-6.92414e-15 -1.27953e-13 1.20432e-11 1.77537e-09 -2.0452e-06 0.000939853 -1 7.32681e-05 
-1.01669e-18 5.07957e-17 -4.4798e-15 5.29837e-13 -1.01398e-10 -1.06921e-08 7.32681e-05 1 

8.90091 -0.204762 0.00421737 -6.53339e-05 2.73875e-07 -8.05658e-10 1.28921e-13 -1.53357e-15 
-2.78141e-18 6.51582 -0.17753 0.00285807 -1.15503e-05 3.10899e-08 -2.51853e-12 -1.30318e-15 
-6.35748e-19 -3.59242e-07 4.59187 -0.110322 0.000537707 -1.68411e-06 2.89946e-10 5.28025e-14 
-1.6315e-21 -7.67094e-08 -5.94697e-06 3.06895 -0.0241253 0.000103772 -3.76034e-08 -2.35992e-12 
-1.59244e-23 2.79493e-10 -2.77865e-09 -1.98956e-06 1.72559 -0.0131619 8.78573e-06 7.50804e-11 
-1.62763e-25 -6.20416e-13 1.46518e-11 1.6179e-10 -1.87902e-07 0.956846 -0.00128706 3.99196e-08 
-2.94263e-29 9.72815e-17 -2.28673e-16 9.0226e-13 -8.08928e-12 -2.77541e-08 0.412551 -3.89908e-05 
3.08149e-33 -1.6084e-21 1.13613e-19 1.1856e-17 -1.02746e-15 3.69523e-13 6.35921e-11 -0.119615 



-0.999953 0.00972303 -0.000108354 1.01299e-06 -2.33438e-09 3.87078e-12 -3.20497e-16 1.36608e-20 
-0.00972364 -0.999889 0.0112605 -8.84694e-05 1.60121e-07 -1.84565e-10 -8.13752e-15 -9.32142e-19 
-1.14339e-06 -0.0112614 -0.99989 0.0096222 -1.87556e-05 2.21487e-08 1.08411e-12 1.16704e-16 
-1.63711e-07 -1.98909e-05 -0.0096226 -0.99995 0.00282974 -4.73729e-06 2.38511e-10 -2.06591e-14 
3.35499e-10 -5.19877e-09 -8.47424e-06 -0.0028298 -0.999992 0.00272076 -4.89028e-07 7.03016e-12 
-4.1292e-13 1.52417e-11 3.80364e-10 -2.96194e-06 -0.00272076 -0.999996 0.000405258 1.33632e-09 
2.79146e-17 -1.00152e-16 9.19101e-13 -5.49872e-11 -6.13584e-07 -0.000405257 -1 -2.12435e-05 
1.33842e-22 -1.47992e-20 -3.50075e-18 2.02472e-15 -2.36869e-12 -7.27278e-09 -2.12435e-05 1 

-0.999953 -0.00972364 -1.14339e-06 -1.63711e-07 3.35499e-10 -4.1292e-13 2.79146e-17 1.33842e-22 
0.00972303 -0.999889 -0.0112614 -1.98909e-05 -5.19877e-09 1.52417e-11 -1.00152e-16 -1.47992e-20 
-0.000108354 0.0112605 -0.99989 -0.0096226 -8.47424e-06 3.80364e-10 9.19101e-13 -3.50075e-18 
1.01299e-06 -8.84694e-05 0.0096222 -0.99995 -0.0028298 -2.96194e-06 -5.49872e-11 2.02472e-15 
-2.33438e-09 1.60121e-07 -1.87556e-05 0.00282974 -0.999992 -0.00272076 -6.13584e-07 -2.36869e-12 
3.87078e-12 -1.84565e-10 2.21487e-08 -4.73729e-06 0.00272076 -0.999996 -0.000405257 -7.27278e-09 
-3.20497e-16 -8.13752e-15 1.08411e-12 2.38511e-10 -4.89028e-07 0.000405258 -1 -2.12435e-05 
1.36608e-20 -9.32142e-19 1.16704e-16 -2.06591e-14 7.03016e-12 1.33632e-09 -2.12435e-05 1 

8.90326 -0.149938 0.00217593 -2.25224e-05 5.30893e-08 -8.65712e-11 2.34971e-15 1.55533e-15 
1.13971e-17 6.51651 -0.125095 0.00134562 -3.05795e-06 4.56258e-09 -1.58779e-13 2.72369e-16 
1.7611e-19 -1.35212e-07 4.59149 -0.0737099 0.000202044 -3.50836e-07 2.60334e-11 -1.6184e-15 
3.94268e-21 -1.93597e-08 -1.97412e-06 3.06816 -0.0135658 3.23546e-05 -5.05523e-09 9.09643e-14 
-2.12599e-24 3.96745e-11 -5.16375e-10 -4.99624e-07 1.72559 -0.00729825 2.10063e-06 -5.20665e-12 
-6.30542e-28 -4.883e-14 1.51329e-12 2.2416e-11 -3.29534e-08 0.956819 -0.000554951 -4.99018e-09 
4.07518e-30 3.30104e-18 -9.9711e-18 5.41888e-14 -6.11849e-13 -3.67946e-09 0.412551 1.1305e-05 
9.62965e-35 1.58275e-23 -1.46906e-21 -2.06389e-19 2.25265e-17 -1.42043e-14 -3.42809e-12 -0.119615 



-0.999975 0.00711704 -5.58795e-05 3.49045e-07 -4.52385e-10 4.15867e-13 -1.48403e-17 -1.83506e-22 
-0.00711726 -0.999943 0.00793383 -4.16477e-05 4.23931e-08 -2.70855e-11 -5.16327e-16 1.71059e-20 
-5.88663e-07 -0.00793413 -0.999948 0.00642972 -7.04912e-06 4.615e-09 9.75009e-14 -3.04031e-18 
-5.64047e-08 -9.3666e-06 -0.00642985 -0.999978 0.00159171 -1.47742e-06 3.20597e-11 8.05541e-16 
6.50211e-11 -1.37418e-09 -3.18536e-06 -0.00159172 -0.999998 0.00150864 -1.16921e-07 -4.8735e-13 
-4.43716e-14 2.23616e-12 7.90569e-11 -9.23917e-07 -0.00150864 -0.999999 0.000174739 -1.67045e-10 
1.29332e-18 -6.26811e-18 8.26112e-14 -7.39719e-12 -1.46698e-07 -0.000174739 -1 6.15933e-06 
-1.7981e-24 2.71621e-22 9.12143e-20 -7.89558e-17 1.64199e-13 9.09231e-10 6.15933e-06 1 

-0.999975 -0.00711726 -5.88663e-07 -5.64047e-08 6.50211e-11 -4.43716e-14 1.29332e-18 -1.7981e-24 
0.00711704 -0.999943 -0.00793413 -9.3666e-06 -1.37418e-09 2.23616e-12 -6.26811e-18 2.71621e-22 
-5.58795e-05 0.00793383 -0.999948 -0.00642985 -3.18536e-06 7.90569e-11 8.26112e-14 9.12143e-20 
3.49045e-07 -4.16477e-05 0.00642972 -0.999978 -0.00159172 -9.23917e-07 -7.39719e-12 -7.89558e-17 
-4.52385e-10 4.23931e-08 -7.04912e-06 0.00159171 -0.999998 -0.00150864 -1.46698e-07 1.64199e-13 
4.15867e-13 -2.70855e-11 4.615e-09 -1.47742e-06 0.00150864 -0.999999 -0.000174739 9.09231e-10 
-1.48403e-17 -5.16327e-16 9.75009e-14 3.20597e-11 -1.16921e-07 0.000174739 -1 6.15933e-06 
-1.83506e-22 1.71059e-20 -3.04031e-18 8.05541e-16 -4.8735e-13 -1.67045e-10 6.15933e-06 1 

8.90453 -0.109758 0.00112218 -7.76058e-06 1.02886e-08 -9.30163e-12 -3.50995e-15 -1.55388e-15 
-4.87515e-20 6.51679 -0.0881338 0.000633427 -8.09609e-07 6.69691e-10 -9.88642e-15 -2.66113e-16 
1.59533e-19 -5.09589e-08 4.59124 -0.0492477 7.59285e-05 -7.31008e-08 2.33845e-12 2.76517e-16 
2.39796e-23 -4.88279e-09 -6.54933e-07 3.0678 -0.00762984 1.00899e-05 -6.79742e-10 -2.50728e-15 
-3.36843e-25 5.62869e-12 -9.61266e-11 -1.25466e-07 1.72559 -0.00404678 5.02228e-07 3.60303e-13 
4.1756e-28 -3.84112e-15 1.5639e-13 3.11326e-12 -5.78081e-09 0.95681 -0.000239281 6.23829e-10 
3.36496e-33 1.11959e-19 -4.39027e-19 3.25393e-15 -4.62859e-14 -4.87778e-10 0.412551 -3.27778e-06 
-1.88079e-37 -1.55657e-25 1.89942e-23 3.59271e-21 -4.94018e-19 5.45971e-16 1.8479e-13 -0.119615 



-0.999986 0.00520877 -2.88117e-05 1.20245e-07 -8.766e-11 4.46787e-14 -6.87308e-19 2.4648e-24 
-0.00520885 -0.999971 0.00558945 -1.96043e-05 1.12242e-08 -3.97565e-12 -3.27229e-17 -3.1393e-22 
-3.03284e-07 -0.00558956 -0.999975 0.00429623 -2.64943e-06 9.61706e-10 8.76497e-15 7.92079e-20 
-1.94306e-08 -4.40977e-06 -0.00429627 -0.99999 0.000895364 -4.60801e-07 4.31056e-12 -3.14105e-17 
1.25998e-11 -3.6353e-10 -1.19731e-06 -0.000895367 -0.999999 0.00083652 -2.79537e-08 3.3783e-14 
-4.76758e-15 3.28181e-13 1.64537e-11 -2.88191e-07 -0.00083652 -1 7.53433e-05 2.08824e-11 
5.9916e-20 -3.94283e-19 7.42445e-15 -9.9498e-13 -3.50725e-08 -7.53433e-05 -1 -1.78583e-06 
2.41533e-26 -4.98533e-24 -2.37659e-21 3.07888e-18 -1.13821e-14 -1.13668e-10 -1.78583e-06 1 

-0.999986 -0.00520885 -3.03284e-07 -1.94306e-08 1.25998e-11 -4.76758e-15 5.9916e-20 2.41533e-26 
0.00520877 -0.999971 -0.00558956 -4.40977e-06 -3.6353e-10 3.28181e-13 -3.94283e-19 -4.98533e-24 
-2.88117e-05 0.00558945 -0.999975 -0.00429627 -1.19731e-06 1.64537e-11 7.42445e-15 -2.37659e-21 
1.20245e-07 -1.96043e-05 0.00429623 -0.99999 -0.000895367 -2.88191e-07 -9.9498e-13 3.07888e-18 
-8.766e-11 1.12242e-08 -2.64943e-06 0.000895364 -0.999999 -0.00083652 -3.50725e-08 -1.13821e-14 
4.46787e-14 -3.97565e-12 9.61706e-10 -4.60801e-07 0.00083652 -1 -7.53433e-05 -1.13668e-10 
-6.87308e-19 -3.27229e-17 8.76497e-15 4.31056e-12 -2.79537e-08 7.53433e-05 -1 -1.78583e-06 
2.4648e-24 -3.1393e-22 7.92079e-20 -3.14105e-17 3.3783e-14 2.08824e-11 -1.78583e-06 1 

8.9052 -0.0803318 0.000578602 -2.67351e-06 1.99368e-09 -9.99566e-13 -3.78203e-15 1.5525e-15 
-8.71867e-18 6.51689 -0.0620891 0.000298155 -2.14356e-07 9.83069e-11 -4.94917e-16 2.7517e-16 
-5.86132e-20 -1.92158e-08 4.59108 -0.0329043 2.85364e-05 -1.52332e-08 2.10179e-13 -2.35655e-16 
1.25925e-22 -1.2311e-09 -2.1722e-07 3.06763 -0.00429171 3.14694e-06 -9.14102e-11 -9.43126e-16 
2.83474e-25 7.98312e-13 -1.79112e-11 -3.15079e-08 1.72559 -0.00224388 1.20073e-07 -2.43017e-14 
6.08551e-29 -3.02068e-16 1.61676e-14 4.32945e-13 -1.01423e-09 0.956808 -0.000103172 -7.79856e-11 
-7.14047e-33 3.79621e-21 -1.94398e-20 1.9538e-16 -3.50171e-15 -6.46627e-11 0.412551 9.50359e-07 
-5.87747e-39 1.53033e-27 -2.45585e-25 -6.25411e-23 1.08355e-20 -2.0985e-17 -9.96081e-15 -0.119615 



-0.999993 0.00381186 -1.48537e-05 4.14197e-08 -1.69853e-11 4.80004e-15 -3.1835e-20 -3.31053e-26 
-0.00381189 -0.999985 0.00393766 -9.22774e-06 2.97184e-09 -5.83619e-13 -2.07267e-18 5.76158e-24 
-1.56303e-07 -0.0039377 -0.999988 0.00287062 -9.95813e-07 2.0042e-10 7.87777e-16 -2.06365e-21 
-6.69301e-09 -2.07588e-06 -0.00287064 -0.999996 0.000503668 -1.43727e-07 5.79658e-13 1.22481e-18 
2.44146e-12 -9.6211e-11 -4.50036e-07 -0.000503669 -1 0.000463836 -6.68315e-09 -2.3418e-15 
-5.12232e-16 4.81728e-14 3.42677e-12 -8.98926e-08 -0.000463836 -1 3.24862e-05 -2.61058e-12 
2.77563e-21 -2.48726e-20 6.67215e-16 -1.33824e-13 -8.38511e-09 -3.24862e-05 -1 5.17783e-07 
-3.24422e-28 9.15015e-26 6.19217e-23 -1.2006e-19 7.88992e-16 1.42102e-11 5.17783e-07 1 

-0.999993 -0.00381189 -1.56303e-07 -6.69301e-09 2.44146e-12 -5.12232e-16 2.77563e-21 -3.24422e-28 
0.00381186 -0.999985 -0.0039377 -2.07588e-06 -9.6211e-11 4.81728e-14 -2.48726e-20 9.15015e-26 
-1.48537e-05 0.00393766 -0.999988 -0.00287064 -4.50036e-07 3.42677e-12 6.67215e-16 6.19217e-23 
4.14197e-08 -9.22774e-06 0.00287062 -0.999996 -0.000503669 -8.98926e-08 -1.33824e-13 -1.2006e-19 
-1.69853e-11 2.97184e-09 -9.95813e-07 0.000503668 -1 -0.000463836 -8.38511e-09 7.88992e-16 
4.80004e-15 -5.83619e-13 2.0042e-10 -1.43727e-07 0.000463836 -1 -3.24862e-05 1.42102e-11 
-3.1835e-20 -2.07267e-18 7.87777e-16 5.79658e-13 -6.68315e-09 3.24862e-05 -1 5.17783e-07 
-3.31053e-26 5.76158e-24 -2.06365e-21 1.22481e-18 -2.3418e-15 -2.61058e-12 5.17783e-07 1 

8.90557 -0.058789 0.000298296 -9.20927e-07 3.86309e-10 -1.07604e-13 -3.79511e-15 -1.55144e-15 
3.558e-18 6.51692 -0.0437397 0.00014034 -5.67554e-08 1.44312e-11 8.54831e-17 -2.81991e-16 
2.81753e-20 -7.24747e-09 4.59099 -0.021985 1.07254e-05 -3.17459e-09 1.89744e-14 2.30554e-16 
6.48968e-23 -3.10342e-10 -7.20353e-08 3.06755 -0.00241416 9.81545e-07 -1.22935e-11 1.07863e-15 
6.02886e-26 1.13206e-13 -3.33904e-12 -7.91273e-09 1.72559 -0.00124419 2.87069e-08 1.01036e-15 
2.34815e-29 -2.37512e-17 1.67175e-15 6.0248e-14 -1.77953e-10 0.956807 -4.44852e-05 9.74781e-12 
6.50385e-34 1.287e-22 -8.63532e-22 1.17313e-17 -2.64924e-16 -8.57202e-12 0.412551 -2.75547e-07 
-1.83671e-40 -1.50428e-29 3.17529e-27 1.08873e-24 -2.37673e-22 8.06579e-19 5.3692e-16 -0.119615 



-0.999996 0.00278946 -7.65731e-06 1.42669e-08 -3.29107e-12 5.15689e-16 -1.47462e-21 4.44637e-28 
-0.00278947 -0.999992 0.00277395 -4.34346e-06 7.86876e-10 -8.56798e-14 -1.31246e-19 -1.05746e-25 
-8.05641e-08 -0.00277396 -0.999994 0.00191806 -3.74292e-07 4.17688e-11 7.07972e-17 5.37665e-23 
-2.30537e-09 -9.77163e-07 -0.00191807 -0.999998 0.000283331 -4.48305e-08 7.79543e-14 -4.77603e-20 
4.73064e-13 -2.54688e-11 -1.69156e-07 -0.000283331 -1 0.000257189 -1.5978e-09 1.6233e-16 
-5.5033e-17 7.07184e-15 7.13938e-13 -2.80392e-08 -0.000257189 -1 1.40072e-05 3.2636e-13 
1.28579e-22 -1.57154e-21 5.99593e-17 -1.79986e-14 -2.0047e-09 -1.40072e-05 -1 -1.50126e-07 
4.35742e-30 -1.67945e-27 -1.61336e-24 4.68166e-21 -5.46917e-17 -1.77649e-12 -1.50126e-07 1 

-0.999996 -0.00278947 -8.05641e-08 -2.30537e-09 4.73064e-13 -5.5033e-17 1.28579e-22 4.35742e-30 
0.00278946 -0.999992 -0.00277396 -9.77163e-07 -2.54688e-11 7.07184e-15 -1.57154e-21 -1.67945e-27 
-7.65731e-06 0.00277395 -0.999994 -0.00191807 -1.69156e-07 7.13938e-13 5.99593e-17 -1.61336e-24 
1.42669e-08 -4.34346e-06 0.00191806 -0.999998 -0.000283331 -2.80392e-08 -1.79986e-14 4.68166e-21 
-3.29107e-12 7.86876e-10 -3.74292e-07 0.000283331 -1 -0.000257189 -2.0047e-09 -5.46917e-17 
5.15689e-16 -8.56798e-14 4.17688e-11 -4.48305e-08 0.000257189 -1 -1.40072e-05 -1.77649e-12 
-1.47462e-21 -1.31246e-19 7.07972e-17 7.79543e-14 -1.5978e-09 1.40072e-05 -1 -1.50126e-07 
4.44637e-28 -1.05746e-25 5.37665e-23 -4.77603e-20 1.6233e-16 3.2636e-13 -1.50126e-07 1 

8.90576 -0.0430212 0.000153776 -3.1721e-07 7.48534e-11 -1.17721e-14 -3.79604e-15 1.55065e-15 
6.14072e-18 6.51693 -0.0308129 6.60567e-05 -1.50276e-08 2.11785e-12 1.12261e-16 2.86951e-16 
9.04403e-21 -2.73369e-09 4.59094 -0.0146895 4.03127e-06 -6.61606e-10 1.79502e-15 -2.27668e-16 
8.32335e-23 -7.82254e-11 -2.38872e-08 3.06752 -0.00135804 3.06156e-07 -1.65354e-12 -1.08452e-15 
-7.71812e-27 1.60519e-14 -6.22636e-13 -1.9872e-09 1.72559 -0.000689882 6.86322e-09 6.0353e-16 
-3.59211e-30 -1.86737e-18 1.7288e-16 8.38693e-15 -3.12241e-11 0.956807 -1.91809e-05 -1.21712e-12 
-3.17406e-35 4.36291e-24 -3.84271e-23 7.04386e-19 -2.00431e-17 -1.13635e-12 0.412551 7.98918e-08 
-1.43493e-42 1.47855e-31 -4.10554e-29 -1.89533e-26 5.21344e-24 -3.10016e-20 -2.89417e-17 -0.119615 



-0.999998 0.00204123 -3.94734e-06 4.91404e-09 -6.3767e-13 5.54027e-17 -6.8307e-23 -5.97188e-30 
-0.00204124 -0.999996 0.00195414 -2.04445e-06 2.0835e-10 -1.25789e-14 -8.30959e-21 1.94087e-27 
-4.15279e-08 -0.00195414 -0.999997 0.00128159 -1.40684e-07 8.70507e-12 6.36225e-18 -1.40086e-24 
-7.94057e-10 -4.5996e-07 -0.00128159 -0.999999 0.000159384 -1.39834e-08 1.04839e-14 1.86237e-21 
9.16605e-14 -6.74285e-12 -6.3581e-08 -0.000159384 -1 0.000142607 -3.82e-10 -1.12524e-17 
-5.91253e-18 1.03821e-15 1.48769e-13 -8.74596e-09 -0.000142607 -1 6.03956e-06 -4.07998e-14 
5.95623e-24 -9.93818e-23 5.38819e-18 -2.42068e-15 -4.79282e-10 -6.03956e-06 -1 4.35274e-08 
-5.8525e-32 3.08252e-29 4.20358e-26 -1.82559e-22 3.79114e-18 2.22087e-13 4.35274e-08 1 

