-5.15876 1.82434 -1.00286 0.131305 -0.177365 -0.00738503 -0.122014 0.0344154 
1.82434 -3.03196 2.24938 -0.519731 0.319771 0.040745 0.21304 -0.117957 
-1.00286 2.24938 -3.76801 2.07131 -0.843185 -0.0637563 -0.391735 0.278934 
0.131305 -0.519731 2.07131 -3.00957 2.25684 -0.227196 0.534882 -0.354846 
-0.177365 0.319771 -0.843185 2.25684 -3.83629 1.7971 -1.02198 0.490626 
-0.00738503 0.040745 -0.0637563 -0.227196 1.7971 -2.72675 2.15775 -0.0930947 
-0.122014 0.21304 -0.391735 0.534882 -1.02198 2.15775 -3.46083 -0.930162 
0.0344154 -0.117957 0.278934 -0.354846 0.490626 -0.0930947 -0.930162 -1.30363 


-6.66518 1.71526 -0.616347 0.29508 -0.0647095 0.083307 0.00484545 0.024014 
1.71526 -4.55198 1.96151 -0.957134 0.129108 -0.16826 -0.0468808 -0.0504306 
-0.616347 1.96151 -3.06816 2.11778 -0.46491 0.23594 0.102531 0.110868 
0.29508 -0.957134 2.11778 -3.65068 2.0152 -0.679459 -0.161373 -0.265865 
-0.0647095 0.129108 -0.46491 2.0152 -2.85308 1.89281 -0.00225234 0.322622 
0.083307 -0.16826 0.23594 -0.679459 1.89281 -3.17899 1.19553 -0.577016 
0.00484545 -0.0468808 0.102531 -0.161373 -0.00225234 1.19553 -1.45879 0.764852 
0.024014 -0.0504306 0.110868 -0.265865 0.322622 -0.577016 0.764852 -0.86896 


-7.58233 1.48179 -0.409912 0.165092 -0.0703779 0.0161316 -0.0116864 0.00482604 
1.48179 -5.4491 1.6904 -0.6325 0.2068 -0.0105392 0.0300527 -0.0149775 
-0.409912 1.6904 -3.85342 1.83407 -0.645251 -0.00214032 -0.071349 0.0362795 
0.165092 -0.6325 1.83407 -3.04169 1.74066 -0.288109 0.119422 -0.0883118 
-0.0703779 0.2068 -0.645251 1.74066 -2.82596 1.44114 -0.258587 0.181015 
0.0161316 -0.0105392 -0.00214032 -0.288109 1.44114 -2.06931 0.908694 -0.146084 
-0.0116864 0.0300527 -0.071349 0.119422 -0.258587 0.908694 -1.1332 -0.234955 
0.00482604 -0.0149775 0.0362795 -0.0883118 0.181015 -0.146084 -0.234955 -0.340816 


-8.14372 1.20826 -0.267383 0.0784312 -0.0273682 0.00690388 0.000205795 0.000709863 
1.20826 -5.9537 1.40628 -0.360833 0.0968212 -0.0149737 -0.00285857 -0.0026384 
-0.267383 1.40628 -4.40277 1.38861 -0.391721 0.0540559 0.0157346 0.0105593 
0.0784312 -0.360833 1.38861 -3.03939 1.31531 -0.307281 -0.0460107 -0.0276114 
-0.0273682 0.0968212 -0.391721 1.31531 -2.36648 0.997079 -0.0176948 0.0396042 
0.00690388 -0.0149737 0.0540559 -0.307281 0.997079 -1.46788 0.478706 -0.0511016 
0.000205795 -0.00285857 0.0157346 -0.0460107 -0.0176948 0.478706 -0.687729 0.207949 
0.000709863 -0.0026384 0.0105593 -0.0276114 0.0396042 -0.0511016 0.207949 -0.234152 


-8.4769 0.948934 -0.15996 0.033902 -0.00779825 0.00127849 -5.16897e-05 3.68335e-05 
0.948934 -6.24192 1.09195 -0.195983 0.0351207 -0.00391861 -0.000195264 -9.7496e-05 
-0.15996 1.09195 -4.56846 1.00267 -0.189795 0.0203868 0.00154417 0.00054612 
0.033902 -0.195983 1.00267 -3.20959 0.89654 -0.141855 -0.000173807 -0.00502158 
-0.00779825 0.0351207 -0.189795 0.89654 -1.99897 0.524266 -0.049426 0.0188429 
0.00127849 -0.00391861 0.0203868 -0.141855 0.524266 -1.12057 0.301128 -0.0255012 
-5.16897e-05 -0.000195264 0.00154417 -0.000173807 -0.049426 0.301128 -0.530046 -0.0880405 
3.68335e-05 -9.7496e-05 0.00054612 -0.00502158 0.0188429 -0.0255012 -0.0880405 -0.149371 


-8.66867 0.725636 -0.0898733 0.0134558 -0.00178745 0.000177495 -4.61696e-06 -1.09999e-06 
0.725636 -6.39145 0.809948 -0.101778 0.0105994 -0.000734797 -1.16172e-05 5.99755e-06 
-0.0898733 0.809948 -4.61054 0.708381 -0.0784522 0.0053913 0.000121842 -4.75749e-05 
0.0134558 -0.101778 0.708381 -3.22258 0.519218 -0.0507855 0.00057224 0.000398584 
-0.00178745 0.0105994 -0.0784522 0.519218 -1.80984 0.287577 -0.0160264 -0.00152743 
0.000177495 -0.000734797 0.0053913 -0.0507855 0.287577 -1.02727 0.139347 -0.0010264 
-4.61696e-06 -1.16172e-05 0.000121842 0.00057224 -0.0160264 0.139347 -0.439132 0.0449046 
-1.09999e-06 5.99755e-06 -4.75749e-05 0.000398584 -0.00152743 -0.0010264 0.0449046 -0.126336 


-8.77635 0.545115 -0.0486236 0.00500552 -0.000371683 2.11271e-05 -2.66953e-07 1.83467e-08 
0.545115 -6.46291 0.585864 -0.0505826 0.00294996 -0.000117582 -7.10044e-07 -1.4376e-07 
-0.0486236 0.585864 -4.61641 0.487471 -0.0303884 0.00121913 9.67149e-06 1.58479e-06 
0.00500552 -0.0505826 0.487471 -3.16738 0.286374 -0.0162273 0.000113634 -1.76971e-05 
-0.000371683 0.00294996 -0.0303884 0.286374 -1.75061 0.160462 -0.00427922 0.000106106 
2.11271e-05 -0.000117582 0.00121913 -0.0162273 0.160462 -0.983442 0.0606203 0.000312729 
-2.66953e-07 -7.10044e-07 9.67149e-06 0.000113634 -0.00427922 0.0606203 -0.418404 -0.0144371 
1.83467e-08 -1.4376e-07 1.58479e-06 -1.76971e-05 0.000106106 0.000312729 -0.0144371 -0.12032 


-8.83573 0.405009 -0.0257389 0.00179308 -7.42485e-05 2.35649e-06 -1.3198e-08 -2.65966e-10 
0.405009 -6.49509 0.418185 -0.024451 0.000795539 -1.76717e-05 -4.66182e-08 2.83977e-09 
-0.0257389 0.418185 -4.61132 0.32988 -0.0115104 0.000259499 8.3511e-07 -4.39138e-08 
0.00179308 -0.024451 0.32988 -3.12104 0.157918 -0.00502852 1.66715e-05 7.06371e-07 
-7.42485e-05 0.000795539 -0.0115104 0.157918 -1.73331 0.0893582 -0.00106258 -7.46432e-06 
2.35649e-06 -1.76717e-05 0.000259499 -0.00502852 0.0893582 -0.965929 0.0260917 -4.22752e-05 
-1.3198e-08 -4.66182e-08 8.3511e-07 1.66715e-05 -0.00106258 0.0260917 -0.413727 0.00426084 
-2.65968e-10 2.83977e-09 -4.39138e-08 7.06371e-07 -7.46432e-06 -4.22752e-05 0.00426084 -0.119677 


-8.8681 0.298945 -0.0134595 0.000629719 -1.45831e-05 2.56605e-07 -6.20205e-10 3.67311e-12 
0.298945 -6.50887 0.296475 -0.0116492 0.000211968 -2.60365e-06 -3.09531e-09 -5.3218e-11 
-0.0134595 0.296475 -4.60463 0.221444 -0.00432966 5.42212e-05 7.51022e-08 1.16152e-09 
0.000629719 -0.0116492 0.221444 -3.094 0.0877536 -0.00155428 2.26657e-06 -2.75813e-08 
-1.45831e-05 0.000211968 -0.00432966 0.0877536 -1.72804 0.0496308 -0.000257028 5.22319e-07 
2.56605e-07 -2.60365e-06 5.42212e-05 -0.00155428 0.0496308 -0.959777 0.0112315 5.28062e-06 
-6.20208e-10 -3.09531e-09 7.51022e-08 2.26657e-06 -0.000257028 0.0112315 -0.412777 -0.00123928 
3.67466e-12 -5.32179e-11 1.16152e-09 -2.75813e-08 5.22319e-07 5.28062e-06 -0.00123928 -0.11962 


-8.88562 0.219822 -0.00699146 0.000218967 -2.84318e-06 2.77057e-08 -2.87677e-11 -4.83163e-14 
0.219822 -6.51443 0.20948 -0.00551187 5.62265e-05 -3.81736e-07 -2.0238e-10 9.82196e-13 
-0.00699146 0.20948 -4.59933 0.148164 -0.00162585 1.12816e-05 6.79757e-09 -3.03462e-11 
0.000218967 -0.00551187 0.148164 -3.0801 0.0490467 -0.00048187 3.03596e-07 1.07312e-09 
-2.84318e-06 5.62265e-05 -0.00162585 0.0490467 -1.72638 0.0275344 -6.16647e-05 -3.63488e-08 
2.77057e-08 -3.81736e-07 1.12816e-05 -0.00048187 0.0275344 -0.95775 0.00483923 -6.56846e-07 
-2.87715e-11 -2.0238e-10 6.79757e-09 3.03596e-07 -6.16647e-05 0.00483923 -0.412593 0.000359522 
-4.98802e-14 9.82069e-13 -3.03458e-11 1.07312e-09 -3.63488e-08 -6.56846e-07 0.000359522 -0.119615 


-8.89505 0.161292 -0.00361864 7.57691e-05 -5.52484e-07 2.98232e-09 -1.32782e-12 -8.90659e-16 
0.161292 -6.51649 0.147771 -0.00259993 1.4892e-05 -5.59405e-08 -1.30462e-11 -1.82182e-14 
-0.00361864 0.147771 -4.5958 0.0990179 -0.000610477 2.34684e-06 6.14018e-10 7.90795e-13 
7.57691e-05 -0.00259993 0.0990179 -3.07336 0.0275029 -0.0001498 4.06444e-08 -4.17655e-11 
-5.52484e-07 1.4892e-05 -0.000610477 0.0275029 -1.72584 0.0152699 -1.47579e-05 2.52318e-09 
2.98232e-09 -5.59405e-08 2.34684e-06 -0.0001498 0.0152699 -0.957102 0.002086 8.19143e-08 
-1.3316e-12 -1.30459e-11 6.14018e-10 4.06444e-08 -1.47579e-05 0.002086 -0.412559 -0.00010425 
6.72676e-16 -1.80431e-14 7.90486e-13 -4.17665e-11 2.52318e-09 8.19143e-08 -0.00010425 -0.119615 


-8.90012 0.118203 -0.00186935 2.61562e-05 -1.07195e-07 3.20663e-10 -5.78436e-14 1.5517e-15 
0.118203 -6.51713 0.104161 -0.00122476 3.94254e-06 -8.20153e-09 -8.33971e-13 5.40935e-16 
-0.00186935 0.104161 -4.59364 0.0661521 -0.000229287 4.88475e-07 5.53326e-11 -2.08643e-14 
2.61562e-05 -0.00122476 0.0661521 -3.07018 0.015448 -4.66461e-05 5.45052e-09 1.62575e-12 
-1.07195e-07 3.94254e-06 -0.000229287 0.015448 -1.72567 0.00846726 -3.52938e-06 -1.74983e-10 
3.20662e-10 -8.20153e-09 4.88475e-07 -4.66461e-05 0.00846726 -0.956898 0.000899349 -1.0231e-08 
-6.16311e-14 -8.33692e-13 5.53327e-11 5.45052e-09 -3.52938e-06 0.000899349 -0.412552 3.02269e-05 
-9.04943e-18 3.31129e-16 -2.05826e-14 1.62682e-12 -1.74984e-10 -1.0231e-08 3.02269e-05 -0.119615 


-8.90284 0.0865667 -0.000964701 9.01893e-06 -2.07836e-08 3.44629e-11 9.37574e-16 -1.55792e-15 
0.0865667 -6.51725 0.0733958 -0.000576646 1.04369e-06 -1.20306e-09 -5.32546e-14 -2.40849e-16 
-0.000964701 0.0733958 -4.5924 0.0441933 -8.61412e-05 1.01725e-07 4.97903e-12 7.98846e-16 
9.01893e-06 -0.000576646 0.0441933 -3.06872 0.00868399 -1.45378e-05 7.31911e-10 -6.23248e-14 
-2.07836e-08 1.04369e-06 -8.61412e-05 0.00868399 -1.72561 0.00469501 -8.43877e-07 1.21307e-11 
3.44626e-11 -1.20306e-09 1.01725e-07 -1.45378e-05 0.00469501 -0.956835 0.000387765 1.27862e-09 
-2.85347e-15 -5.30275e-14 4.97912e-12 7.31911e-10 -8.43877e-07 0.000387765 -0.412551 -8.76401e-06 
1.21626e-19 -6.07582e-18 5.35999e-16 -6.33988e-14 1.21314e-11 1.27863e-09 -8.76401e-06 -0.119615 


-8.9043 0.0633738 -0.000497581 3.10808e-06 -4.02828e-09 3.70336e-12 3.66099e-15 1.55574e-15 
0.0633738 -6.5172 0.0517093 -0.000271443 2.76304e-07 -1.76536e-10 -3.55361e-15 2.52869e-16 
-0.000497581 0.0517093 -4.5917 0.0295247 -3.23689e-05 2.11916e-08 4.47622e-13 -2.63786e-16 
3.10808e-06 -0.000271443 0.0295247 -3.06804 0.00488351 -4.53285e-06 9.83598e-11 1.39283e-15 
-4.02828e-09 2.76304e-07 -3.23689e-05 0.00488351 -1.72559 0.00260331 -2.01758e-07 -8.40238e-13 
3.7031e-12 -1.76537e-10 2.11916e-08 -4.53285e-06 0.00260331 -0.956815 0.000167193 -1.59829e-10 
-1.32146e-16 -3.36477e-15 4.47713e-13 9.83596e-11 -2.01758e-07 0.000167193 -0.412551 2.54103e-06 
-1.63404e-21 1.1149e-19 -1.39608e-17 2.47147e-15 -8.4097e-13 -1.5983e-10 2.54103e-06 -0.119615 


-8.90508 0.0463852 -0.000256574 1.0708e-06 -7.80632e-10 3.98126e-13 3.7883e-15 -1.55391e-15 
0.0463852 -6.51712 0.0364282 -0.000127767 7.31519e-08 -2.591e-11 -3.74178e-16 -2.65754e-16 
-0.000256574 0.0364282 -4.59131 0.0197258 -1.21646e-05 4.41559e-09 4.01487e-14 2.4123e-16 
1.0708e-06 -0.000127767 0.0197258 -3.06774 0.00274676 -1.41363e-06 1.32239e-11 9.85019e-16 
-7.8063e-10 7.31519e-08 -1.21646e-05 0.00274676 -1.72559 0.00144349 -4.82365e-08 5.75673e-14 
3.97873e-13 -2.5911e-11 4.41559e-09 -1.41363e-06 0.00144349 -0.956809 7.20892e-05 1.99788e-11 
-6.12062e-18 -2.13251e-16 4.02435e-14 1.32236e-11 -4.82365e-08 7.20892e-05 -0.412551 -7.36747e-07 
2.19496e-23 -2.04599e-21 3.63676e-19 -9.63598e-17 5.82956e-14 1.99805e-11 -7.36747e-07 -0.119615 


-8.9055 0.0339468 -0.000132281 3.68866e-07 -1.51266e-10 4.29922e-14 3.79493e-15 1.55251e-15 
0.0339468 -6.51705 0.0256623 -6.01386e-05 1.9368e-08 -3.80261e-12 -1.54059e-16 2.75163e-16 
-0.000132281 0.0256623 -4.59111 0.0131795 -4.57193e-06 9.20156e-10 3.52005e-15 -2.34736e-16 
3.68866e-07 -6.01386e-05 0.0131795 -3.0676 0.00154506 -4.40899e-07 1.7784e-12 -1.0793e-15 
-1.51264e-10 1.9368e-08 -4.57193e-06 0.00154506 -1.72559 0.000800389 -1.15324e-08 -3.31509e-15 
4.27471e-14 -3.80356e-12 9.20157e-10 -4.40899e-07 0.000800389 -0.956808 3.1083e-05 -2.49611e-12 
-2.83508e-19 -1.35074e-17 3.6168e-15 1.77816e-12 -1.15324e-08 3.1083e-05 -0.412551 2.13612e-07 
-2.94821e-25 3.75492e-23 -9.47451e-21 3.75724e-18 -4.04097e-15 -2.49783e-12 2.13612e-07 -0.119615 


-8.90572 0.0248422 -6.81942e-05 1.27057e-07 -2.93118e-11 4.83291e-15 3.79572e-15 -1.55144e-15 
0.0248422 -6.517 0.018078 -2.83066e-05 5.12812e-09 -5.57422e-13 -1.26524e-16 -2.81991e-16 
-6.81942e-05 0.018078 -4.591 0.00880586 -1.71838e-06 1.91761e-10 2.27021e-16 2.30531e-16 
1.27057e-07 -2.83066e-05 0.00880586 -3.06754 0.000869131 -1.3752e-07 2.39371e-13 1.08394e-15 
-2.93095e-11 5.12812e-09 -1.71838e-06 0.000869131 -1.72559 0.000443802 -2.75714e-09 -4.44425e-16 
4.5926e-15 -5.58382e-13 1.91761e-10 -1.3752e-07 0.000443802 -0.956807 1.34022e-05 3.10552e-13 
-1.31326e-20 -8.55317e-19 3.25031e-16 2.39128e-13 -2.75714e-09 1.34022e-05 -0.412551 -6.19346e-08 
3.95983e-27 -6.89154e-25 2.46843e-22 -1.46507e-19 2.80114e-16 3.12264e-13 -6.19346e-08 -0.119615 


-8.90584 0.0181789 -3.51545e-05 4.37638e-08 -5.68136e-12 7.30377e-16 3.79607e-15 1.55065e-15 
0.0181789 -6.51696 0.0127351 -1.33236e-05 1.35781e-09 -8.10161e-14 -1.14847e-16 2.86951e-16 
-3.51545e-05 0.0127351 -4.59094 0.00588371 -6.45875e-07 3.99645e-11 -6.96179e-17 -2.27667e-16 
4.37638e-08 -1.33236e-05 0.00588371 -3.06751 0.000488914 -4.28942e-08 3.2403e-14 -1.08473e-15 
-5.67901e-12 1.35781e-09 -6.45875e-07 0.000488914 -1.72559 0.00024608 -6.59174e-10 7.04374e-16 
4.93408e-16 -8.19768e-14 3.99645e-11 -4.28942e-08 0.00024608 -0.956807 5.77869e-06 -3.73253e-14 
-6.08333e-22 -5.41529e-20 2.92088e-17 3.21594e-14 -6.59174e-10 5.77869e-06 -0.412551 1.79573e-08 
-5.31848e-29 1.26486e-26 -6.43127e-24 5.71286e-21 -1.94171e-17 -3.90375e-14 1.79573e-08 -0.119615 


-8.90591 0.0133026 -1.81219e-05 1.50738e-08 -1.1027e-12 2.87658e-16 3.7963e-15 -1.55006e-15 
0.0133026 -6.51694 0.0089713 -6.27134e-06 3.59524e-10 -1.10741e-14 -1.06848e-16 -2.90558e-16 
-1.81219e-05 0.0089713 -4.59091 0.00393128 -2.42763e-07 8.32897e-12 -9.67384e-17 2.25715e-16 
1.50738e-08 -6.27134e-06 0.00393128 -3.0675 0.000275032 -1.33794e-08 4.56853e-15 1.08514e-15 
-1.10035e-12 3.59523e-10 -2.42763e-07 0.000275032 -1.72559 0.000136447 -1.57594e-10 -7.22028e-16 
5.30093e-17 -1.20354e-14 8.32905e-12 -1.33794e-08 0.000136447 -0.956807 2.49162e-06 3.16799e-15 
-2.81796e-23 -3.42836e-21 2.62481e-18 4.32509e-15 -1.57595e-10 2.49162e-06 -0.412551 -5.20653e-09 
7.14322e-31 -2.32155e-28 1.67563e-25 -2.22768e-22 1.34596e-18 4.88025e-15 -5.20652e-09 -0.119615 


-8.90594 0.00973426 -9.34165e-06 5.19193e-09 -2.15552e-13 2.38712e-16 3.79645e-15 1.54963e-15 
0.00973426 -6.51693 0.00631988 -2.95189e-06 9.51962e-11 -8.05167e-16 -1.01034e-16 2.93182e-16 
-9.34165e-06 0.00631988 -4.5909 0.00262675 -9.12475e-08 1.7358e-12 -9.94829e-17 -2.24386e-16 
5.19193e-09 -2.95189e-06 0.00262675 -3.06749 0.000154716 -4.17326e-09 8.25019e-16 -1.0854e-15 
-2.13201e-13 9.51958e-11 -9.12475e-08 0.000154716 -1.72559 7.56576e-05 -3.76773e-11 7.23048e-16 
5.69503e-18 -1.767e-15 1.73588e-12 -4.17326e-09 7.56576e-05 -0.956807 1.07433e-06 1.10222e-15 
-1.30536e-24 -2.17039e-22 2.35874e-19 5.81683e-16 -3.76775e-11 1.07433e-06 -0.412551 1.50958e-09 
-9.59399e-33 4.26104e-30 -4.3658e-27 8.68666e-24 -9.32997e-20 -6.10103e-16 1.50958e-09 -0.119615 


-8.90596 0.00712304 -4.81549e-06 1.78826e-09 -4.3661e-14 2.32469e-16 3.79656e-15 -1.5493e-15 
0.00712304 -6.51692 0.00445207 -1.38944e-06 2.52067e-11 7.02755e-16 -9.67867e-17 -2.95093e-16 
-4.81549e-06 0.00445207 -4.59089 0.00175512 -3.42973e-08 3.61699e-13 -9.99348e-17 2.2348e-16 
1.78827e-09 -1.38944e-06 0.00175512 -3.06749 8.70338e-05 -1.30171e-09 3.21502e-16 1.08556e-15 
-4.1309e-14 2.52064e-11 -3.42973e-08 8.70338e-05 -1.72559 4.19508e-05 -9.00771e-12 -7.23005e-16 
6.11842e-19 -2.59427e-16 3.61782e-13 -1.30171e-09 4.19508e-05 -0.956807 4.63222e-07 -1.63608e-15 
-6.04679e-26 -1.37398e-23 2.11964e-20 7.82311e-17 -9.00789e-12 4.63222e-07 -0.412551 -4.37686e-10 
1.28856e-34 -7.8209e-32 1.1375e-28 -3.3873e-25 6.46739e-21 7.62717e-17 -4.37686e-10 -0.119615 


-8.90597 0.00521227 -2.48231e-06 6.15933e-10 -1.03562e-14 2.31095e-16 3.79664e-15 1.54907e-15 
0.00521227 -6.51691 0.00313629 -6.54004e-07 6.67463e-12 9.24344e-16 -9.36813e-17 2.96484e-16 
-2.48231e-06 0.00313629 -4.59088 0.00117271 -1.28914e-08 7.53176e-14 -1.00113e-16 -2.22864e-16 
6.15934e-10 -6.54004e-07 0.00117271 -3.06749 4.89599e-05 -4.06027e-10 2.5375e-16 -1.08567e-15 
-8.00387e-15 6.67427e-12 -1.28914e-08 4.89599e-05 -1.72559 2.3261e-05 -2.15341e-12 7.22939e-16 
6.57327e-20 -3.80887e-17 7.54004e-14 -4.06028e-10 2.3261e-05 -0.956807 1.9973e-07 1.70284e-15 
-2.80104e-27 -8.69801e-25 1.90477e-21 1.05214e-17 -2.1536e-12 1.9973e-07 -0.412551 1.26903e-10 
-1.73064e-36 1.43548e-33 -2.96373e-30 1.32086e-26 -4.48309e-22 -9.53508e-18 1.26903e-10 -0.119615 


-8.90598 0.00381406 -1.27959e-06 2.12146e-10 -3.90335e-15 2.3044e-16 3.79669e-15 -1.54889e-15 
0.00381406 -6.51691 0.00220938 -3.07838e-07 1.7676e-12 9.5702e-16 -9.14109e-17 -2.97498e-16 
-1.27959e-06 0.00220938 -4.59088 0.000783573 -4.84551e-09 1.56318e-14 -1.00222e-16 2.22443e-16 
2.12147e-10 -3.07838e-07 0.000783573 -3.06749 2.75419e-05 -1.26646e-10 2.44615e-16 1.08573e-15 
-1.5508e-15 1.76725e-12 -4.84551e-09 2.75419e-05 -1.72559 1.28978e-05 -5.14698e-13 -7.22899e-16 
7.06194e-21 -5.59213e-18 1.57145e-14 -1.26648e-10 1.28978e-05 -0.956807 8.61183e-08 -1.71119e-15 
-1.29752e-28 -5.50627e-26 1.71169e-22 1.41503e-18 -5.14879e-13 8.61183e-08 -0.412551 -3.67941e-11 
2.3244e-38 -2.63476e-35 7.72196e-32 -5.15059e-28 3.1076e-23 1.19202e-18 -3.67941e-11 -0.119615 


-8.90598 0.00279092 -6.59607e-07 7.30688e-11 -2.65319e-15 2.30004e-16 3.79673e-15 1.54877e-15 
0.00279092 -6.51691 0.00155641 -1.44898e-07 4.68296e-13 9.61921e-16 -8.97508e-17 2.98237e-16 
-6.59607e-07 0.00155641 -4.59088 0.00052356 -1.82129e-09 3.19238e-15 -1.00295e-16 -2.22157e-16 
7.30698e-11 -1.44898e-07 0.00052356 -3.06749 1.54934e-05 -3.95019e-11 2.43372e-16 -1.08578e-15 
-3.00476e-16 4.67942e-13 -1.82129e-09 1.54934e-05 -1.72559 7.1516e-06 -1.22916e-13 7.22876e-16 
7.58694e-22 -8.2103e-19 3.27514e-15 -3.95037e-11 7.1516e-06 -0.956807 3.7132e-08 1.71224e-15 
-6.01051e-30 -3.48573e-27 1.53818e-23 1.9031e-19 -1.23097e-13 3.7132e-08 -0.412551 1.06681e-11 
-3.12186e-40 4.83597e-37 -2.01195e-33 2.00844e-29 -2.15414e-24 -1.4902e-19 1.06681e-11 -0.119615 


-8.90598 0.00204224 -3.40016e-07 2.51664e-11 -2.41105e-15 2.29691e-16 3.79676e-15 -1.54867e-15 
0.00204224 -6.51691 0.00109642 -6.82031e-08 1.24258e-13 9.62714e-16 -8.8537e-17 -2.98775e-16 
-3.40016e-07 0.00109642 -4.59088 0.000349827 -6.84574e-10 5.99852e-16 -1.00344e-16 2.21962e-16 
2.51675e-11 -6.82031e-08 0.000349827 -3.06749 8.71566e-06 -1.23201e-11 2.43195e-16 1.08581e-15 
-5.82189e-17 1.23904e-13 -6.84574e-10 8.71566e-06 -1.72559 3.96544e-06 -2.92487e-14 -7.22864e-16 
8.15097e-23 -1.20543e-19 6.82587e-16 -1.23219e-11 3.96544e-06 -0.956807 1.60104e-08 -1.71237e-15 
-2.78424e-31 -2.20664e-28 1.38225e-24 2.5595e-20 -2.94298e-14 1.60104e-08 -0.412551 -3.0931e-12 
4.19292e-42 -8.87619e-39 5.2421e-35 -7.83178e-31 1.49322e-25 1.86297e-20 -3.09309e-12 -0.119615 


-8.90598 0.0014944 -1.75272e-07 8.6674e-12 -2.3642e-15 2.29465e-16 3.79678e-15 1.5486e-15 
0.0014944 -6.51691 0.000772383 -3.2103e-08 3.31609e-14 9.62885e-16 -8.76495e-17 2.99167e-16 
-1.75272e-07 0.000772383 -4.59088 0.000233744 -2.57312e-10 5.95514e-17 -1.00377e-16 -2.21829e-16 
8.66844e-12 -3.2103e-08 0.000233744 -3.06749 4.90291e-06 -3.84164e-12 2.43165e-16 -1.08583e-15 
-1.12803e-17 3.28081e-14 -2.57313e-10 4.90291e-06 -1.72559 2.19877e-06 -6.85492e-15 7.22856e-16 
8.75692e-24 -1.7698e-20 1.42261e-16 -3.84344e-12 2.19877e-06 -0.956807 6.90328e-09 1.71239e-15 
-1.28974e-32 -1.3969e-29 1.24214e-25 3.44231e-21 -7.03604e-15 6.90327e-09 -0.412551 8.96822e-13 
-5.63144e-44 1.62918e-40 -1.36582e-36 3.05395e-32 -1.03507e-26 -2.32899e-21 8.96809e-13 -0.119615 


-8.90598 0.00109352 -9.03498e-08 2.98464e-12 -2.35516e-15 2.293e-16 3.79679e-15 -1.54855e-15 
0.00109352 -6.51691 0.000544111 -1.51108e-08 9.03942e-15 9.62949e-16 -8.70005e-17 -2.99454e-16 
-9.03498e-08 0.000544111 -4.59088 0.000156181 -9.67163e-11 -5.30375e-17 -1.004e-16 2.21738e-16 
2.98567e-12 -1.51108e-08 0.000156181 -3.06749 2.75808e-06 -1.19704e-12 2.43157e-16 1.08584e-15 
-2.18561e-18 8.68713e-15 -9.67167e-11 2.75808e-06 -1.72559 1.21918e-06 -1.50105e-15 -7.22853e-16 
9.40793e-25 -2.5984e-21 2.96493e-17 -1.19884e-12 1.21918e-06 -0.956807 2.97652e-09 -1.71239e-15 
-5.97445e-34 -8.84306e-31 1.11622e-26 4.6296e-22 -1.68217e-15 2.97652e-09 -0.412551 -2.60033e-13 
7.56349e-46 -2.99029e-42 3.55863e-38 -1.19087e-33 7.17496e-28 2.91157e-22 -2.6002e-13 -0.119615 


-8.90598 0.000800178 -4.65738e-08 1.02732e-12 -2.35344e-15 2.29181e-16 3.7968e-15 1.54852e-15 
0.000800178 -6.51691 0.000383302 -7.11261e-09 2.65219e-15 9.62986e-16 -8.65259e-17 2.99662e-16 
-4.65738e-08 0.000383302 -4.59088 0.000104356 -3.63527e-11 -7.6488e-17 -1.00416e-16 -2.21677e-16 
1.02836e-12 -7.11261e-09 0.000104356 -3.06749 1.55153e-06 -3.72138e-13 2.43153e-16 -1.08585e-15 
-4.23475e-19 2.30023e-15 -3.63532e-11 1.55153e-06 -1.72559 6.76012e-07 -2.21051e-16 7.2285e-16 
1.01073e-25 -3.81495e-22 6.17935e-18 -3.7394e-13 6.76012e-07 -0.956807 1.2834e-09 1.71239e-15 
-2.76754e-35 -5.59808e-32 1.00307e-27 6.22641e-23 -4.0217e-16 1.2834e-09 -0.412551 7.54025e-14 
-1.01584e-47 5.48853e-44 -9.27197e-40 4.64371e-35 -4.97357e-29 -3.63989e-23 7.53902e-14 -0.119615 


-8.90598 0.000585526 -2.4008e-08 3.53163e-13 -2.35314e-15 2.29093e-16 3.79681e-15 -1.54849e-15 
0.000585526 -6.51691 0.00027002 -3.34789e-09 9.60789e-16 9.63012e-16 -8.61788e-17 -2.99814e-16 
-2.4008e-08 0.00027002 -4.59088 6.97273e-05 -1.36637e-11 -8.13637e-17 -1.00426e-16 2.21634e-16 
3.54197e-13 -3.34789e-09 6.97273e-05 -3.06749 8.72797e-07 -1.14836e-13 2.4315e-16 1.08585e-15 
-8.20508e-20 6.09069e-16 -1.36642e-11 8.72797e-07 -1.72559 3.74837e-07 8.49686e-17 -7.22849e-16 
1.08587e-26 -5.60108e-23 1.28787e-18 -1.16639e-13 3.74837e-07 -0.956807 5.5337e-10 -1.71239e-15 
-1.282e-36 -3.54384e-33 9.01392e-29 8.37398e-24 -9.61504e-17 5.53369e-10 -0.412551 -2.18709e-14 
1.36436e-49 -1.00739e-45 2.4158e-41 -1.81079e-36 3.4476e-30 4.55039e-24 -2.18586e-14 -0.119615 


-8.90598 0.000428456 -1.23757e-08 1.20962e-13 -2.35309e-15 2.29029e-16 3.79682e-15 1.54847e-15 
0.000428456 -6.51691 0.000190217 -1.57584e-09 5.1282e-16 9.63031e-16 -8.59251e-17 2.99925e-16 
-1.23757e-08 0.000190217 -4.59088 4.65897e-05 -5.13556e-12 -8.23705e-17 -1.00434e-16 -2.21605e-16 
1.21996e-13 -1.57584e-09 4.65897e-05 -3.06749 4.90983e-07 -3.45794e-14 2.43149e-16 -1.08586e-15 
-1.58978e-20 1.61273e-16 -5.13598e-12 4.90983e-07 -1.72559 2.0784e-07 1.58131e-16 7.22848e-16 
1.1666e-27 -8.22346e-24 2.6841e-19 -3.63818e-14 2.0784e-07 -0.956807 2.386e-10 1.71239e-15 
-5.93861e-38 -2.24342e-34 8.10019e-30 1.12623e-24 -2.29875e-17 2.38599e-10 -0.412551 6.34997e-15 
-1.83245e-51 1.84903e-47 -6.29434e-43 7.06104e-38 -2.38982e-31 -5.68866e-25 6.33767e-15 -0.119615 


