-0.779868 0.604083 -0.115545 0.0750851 0.0313082 0.0467803 0.0465713 0.0506357 
0.604083 0.794976 0.0392156 -0.0254837 -0.0106259 -0.0158771 -0.0158062 -0.0171856 
-0.115545 0.0392156 0.992499 0.00487435 0.00203246 0.00303687 0.0030233 0.00328715 
0.0750851 -0.0254837 0.00487435 0.996832 -0.00132076 -0.00197346 -0.00196465 -0.0021361 
0.0313082 -0.0106259 0.00203246 -0.00132076 0.999449 -0.000822875 -0.000819199 -0.000890691 
0.0467803 -0.0158771 0.00303687 -0.00197346 -0.000822875 0.99877 -0.00122404 -0.00133086 
0.0465713 -0.0158062 0.0030233 -0.00196465 -0.000819199 -0.00122404 0.998781 -0.00132491 
0.0506357 -0.0171856 0.00328715 -0.0021361 -0.000890691 -0.00133086 -0.00132491 0.998559 


1 0 0 0 0 0 0 0 
0 -0.846555 0.470348 -0.194602 -0.0392676 -0.0875929 -0.0823025 -0.0908787 
0 0.470348 0.880195 0.0495685 0.0100021 0.0223114 0.0209638 0.0231483 
0 -0.194602 0.0495685 0.979491 -0.00413828 -0.00923113 -0.00867359 -0.00957741 
0 -0.0392676 0.0100021 -0.00413828 0.999165 -0.00186269 -0.00175019 -0.00193256 
0 -0.0875929 0.0223114 -0.00923113 -0.00186269 0.995845 -0.00390409 -0.00431091 
0 -0.0823025 0.0209638 -0.00867359 -0.00175019 -0.00390409 0.996332 -0.00405054 
0 -0.0908787 0.0231483 -0.00957741 -0.00193256 -0.00431091 -0.00405054 0.995527 


1 0 0 0 0 0 0 0 
0 1 0 0 0 0 0 0 
0 0 -0.77316 0.591328 -0.0300126 0.146164 0.113153 0.132233 
0 0 0.591328 0.802799 0.0100088 -0.0487439 -0.0377354 -0.0440981 
0 0 -0.0300126 0.0100088 0.999492 0.00247397 0.00191524 0.00223817 
0 0 0.146164 -0.0487439 0.00247397 0.987952 -0.00932737 -0.0109001 
0 0 0.113153 -0.0377354 0.00191524 -0.00932737 0.992779 -0.00843837 
0 0 0.132233 -0.0440981 0.00223817 -0.0109001 -0.00843837 0.990139 


1 0 0 0 0 0 0 0 
0 1 0 0 0 0 0 0 
0 0 1 0 0 0 0 0 
0 0 0 -0.864809 0.382988 -0.255727 -0.114321 -0.164197 
0 0 0 0.382988 0.921343 0.0525203 0.023479 0.0337223 
0 0 0 -0.255727 0.0525203 0.964931 -0.0156772 -0.0225168 
0 0 0 -0.114321 0.023479 -0.0156772 0.992992 -0.010066 
0 0 0 -0.164197 0.0337223 -0.0225168 -0.010066 0.985542 


1 0 0 0 0 0 0 0 
0 1 0 0 0 0 0 0 
0 0 1 0 0 0 0 0 
0 0 0 1 0 0 0 0 
0 0 0 0 -0.757583 0.628896 -0.00415626 0.174758 
0 0 0 0 0.628896 0.774969 0.00148719 -0.0625316 
0 0 0 0 -0.00415626 0.00148719 0.99999 0.00041326 
0 0 0 0 0.174758 -0.0625316 0.00041326 0.982624 


1 0 0 0 0 0 0 0 
0 1 0 0 0 0 0 0 
0 0 1 0 0 0 0 0 
0 0 0 1 0 0 0 0 
0 0 0 0 1 0 0 0 
0 0 0 0 0 -0.895041 0.351762 -0.274164 
0 0 0 0 0 0.351762 0.934705 0.050891 
0 0 0 0 0 -0.274164 0.050891 0.960335 


1 0 0 0 0 0 0 0 
0 1 0 0 0 0 0 0 
0 0 1 0 0 0 0 0 
0 0 0 1 0 0 0 0 
0 0 0 0 1 0 0 0 
0 0 0 0 0 1 0 0 
0 0 0 0 0 0 -0.813784 0.581168 
0 0 0 0 0 0 0.581168 0.813784 


-0.926368 0.3276 -0.180085 0.0235787 -0.0318498 -0.00132614 -0.0219102 0.00618003 
0.3276 0.944288 0.0306254 -0.00400981 0.00541641 0.000225525 0.00372607 -0.00105098 
-0.180085 0.0306254 0.983165 0.00220424 -0.00297746 -0.000123974 -0.00204826 0.000577736 
0.0235787 -0.00400981 0.00220424 0.999711 0.000389841 1.62319e-05 0.00026818 -7.56434e-05 
-0.0318498 0.00541641 -0.00297746 0.000389841 0.999473 -2.19259e-05 -0.000362255 0.000102178 
-0.00132614 0.000225525 -0.000123974 1.62319e-05 -2.19259e-05 0.999999 -1.50833e-05 4.25443e-06 
-0.0219102 0.00372607 -0.00204826 0.00026818 -0.000362255 -1.50833e-05 0.999751 7.02907e-05 
0.00618003 -0.00105098 0.000577736 -7.56434e-05 0.000102178 4.25443e-06 7.02907e-05 0.99998 


1 0 0 0 0 0 0 0 
0 -0.791178 0.586967 -0.135622 0.0834429 0.0106322 0.055592 -0.0307805 
0 0.586967 0.807652 0.044443 -0.0273442 -0.00348418 -0.0182174 0.0100867 
0 -0.135622 0.044443 0.989731 0.006318 0.000805036 0.00420923 -0.00233059 
0 0.0834429 -0.0273442 0.006318 0.996113 -0.000495309 -0.00258978 0.00143393 
0 0.0106322 -0.00348418 0.000805036 -0.000495309 0.999937 -0.000329989 0.00018271 
0 0.055592 -0.0182174 0.00420923 -0.00258978 -0.000329989 0.998275 0.000955322 
0 -0.0307805 0.0100867 -0.00233059 0.00143393 0.00018271 0.000955322 0.999471 


1 0 0 0 0 0 0 0 
0 1 0 0 0 0 0 0 
0 0 -0.854723 0.469848 -0.191265 -0.0144622 -0.0888597 0.0632725 
0 0 0.469848 0.880976 0.0484523 0.00366365 0.0225104 -0.0160285 
0 0 -0.191265 0.0484523 0.980276 -0.00149139 -0.00916351 0.00652487 
0 0 -0.0144622 0.00366365 -0.00149139 0.999887 -0.000692886 0.000493369 
0 0 -0.0888597 0.0225104 -0.00916351 -0.000692886 0.995743 0.00303139 
0 0 0.0632725 -0.0160285 0.00652487 0.000493369 0.00303139 0.997842 


1 0 0 0 0 0 0 0 
0 1 0 0 0 0 0 0 
0 0 1 0 0 0 0 0 
0 0 0 -0.787251 0.590349 -0.0594306 0.139916 -0.0928215 
0 0 0 0.590349 0.805001 0.0196306 -0.0462157 0.0306599 
0 0 0 -0.0594306 0.0196306 0.998024 0.00465255 -0.00308655 
0 0 0 0.139916 -0.0462157 0.00465255 0.989047 0.00726657 
0 0 0 -0.0928215 0.0306599 -0.00308655 0.00726657 0.995179 


1 0 0 0 0 0 0 0 
0 1 0 0 0 0 0 0 
0 0 1 0 0 0 0 0 
0 0 0 1 0 0 0 0 
0 0 0 0 -0.874784 0.40979 -0.23304 0.111877 
0 0 0 0 0.40979 0.910428 0.0509379 -0.024454 
0 0 0 0 -0.23304 0.0509379 0.971033 0.0139065 
0 0 0 0 0.111877 -0.024454 0.0139065 0.993324 


1 0 0 0 0 0 0 0 
0 1 0 0 0 0 0 0 
0 0 1 0 0 0 0 0 
0 0 0 1 0 0 0 0 
0 0 0 0 1 0 0 0 
0 0 0 0 0 -0.783895 0.620317 -0.0267631 
0 0 0 0 0 0.620317 0.784296 0.00930639 
0 0 0 0 0 -0.0267631 0.00930639 0.999598 


1 0 0 0 0 0 0 0 
0 1 0 0 0 0 0 0 
0 0 1 0 0 0 0 0 
0 0 0 1 0 0 0 0 
0 0 0 0 1 0 0 0 
0 0 0 0 0 1 0 0 
0 0 0 0 0 0 -0.965728 -0.259557 
0 0 0 0 0 0 -0.259557 0.965728 


-0.963589 0.247976 -0.0891057 0.04266 -0.00935509 0.0120437 0.000700509 0.00347172 
0.247976 0.968684 0.0112529 -0.00538741 0.00118143 -0.00152097 -8.84655e-05 -0.000438434 
-0.0891057 0.0112529 0.995956 0.00193587 -0.000424525 0.000546533 3.17884e-05 0.000157543 
0.04266 -0.00538741 0.00193587 0.999073 0.000203244 -0.000261656 -1.52189e-05 -7.54248e-05 
-0.00935509 0.00118143 -0.000424525 0.000203244 0.999955 5.73798e-05 3.33743e-06 1.65402e-05 
0.0120437 -0.00152097 0.000546533 -0.000261656 5.73798e-05 0.999926 -4.2966e-06 -2.12939e-05 
0.000700509 -8.84655e-05 3.17884e-05 -1.52189e-05 3.33743e-06 -4.2966e-06 1 -1.23853e-06 
0.00347172 -0.000438434 0.000157543 -7.54248e-05 1.65402e-05 -2.12939e-05 -1.23853e-06 0.999994 


1 0 0 0 0 0 0 0 
0 -0.900828 0.38818 -0.189415 0.0255502 -0.0332982 -0.00927761 -0.0099801 
0 0.38818 0.920727 0.0386816 -0.00521777 0.00680004 0.00189464 0.0020381 
0 -0.189415 0.0386816 0.981125 0.00254604 -0.00331812 -0.000924501 -0.000994503 
0 0.0255502 -0.00521777 0.00254604 0.999657 0.000447583 0.000124706 0.000134149 
0 -0.0332982 0.00680004 -0.00331812 0.000447583 0.999417 -0.000162523 -0.000174829 
0 -0.00927761 0.00189464 -0.000924501 0.000124706 -0.000162523 0.999955 -4.87111e-05 
0 -0.0099801 0.0020381 -0.000994503 0.000134149 -0.000174829 -4.87111e-05 0.999948 


1 0 0 0 0 0 0 0 
0 1 0 0 0 0 0 0 
0 0 -0.8144 0.562134 -0.123404 0.0626268 0.0272153 0.0294283 
0 0 0.562134 0.825841 0.0382327 -0.0194029 -0.00843179 -0.00911741 
0 0 -0.123404 0.0382327 0.991607 0.00425947 0.00185101 0.00200152 
0 0 0.0626268 -0.0194029 0.00425947 0.997838 -0.000939378 -0.00101576 
0 0 0.0272153 -0.00843179 0.00185101 -0.000939378 0.999592 -0.000441412 
0 0 0.0294283 -0.00911741 0.00200152 -0.00101576 -0.000441412 0.999523 


1 0 0 0 0 0 0 0 
0 1 0 0 0 0 0 0 
0 0 1 0 0 0 0 0 
0 0 0 -0.861746 0.47569 -0.160387 -0.0380922 -0.0627577 
0 0 0 0.47569 0.878458 0.0409801 0.00973285 0.0160351 
0 0 0 -0.160387 0.0409801 0.986183 -0.00328159 -0.00540649 
0 0 0 -0.0380922 0.00973285 -0.00328159 0.999221 -0.00128405 
0 0 0 -0.0627577 0.0160351 -0.00540649 -0.00128405 0.997884 


1 0 0 0 0 0 0 0 
0 1 0 0 0 0 0 0 
0 0 1 0 0 0 0 0 
0 0 0 1 0 0 0 0 
0 0 0 0 -0.829619 0.550392 -0.000654936 0.0938122 
0 0 0 0 0.550392 0.834429 0.00019702 -0.0282209 
0 0 0 0 -0.000654936 0.00019702 1 3.35813e-05 
0 0 0 0 0.0938122 -0.0282209 3.35813e-05 0.99519 


1 0 0 0 0 0 0 0 
0 1 0 0 0 0 0 0 
0 0 1 0 0 0 0 0 
0 0 0 1 0 0 0 0 
0 0 0 0 1 0 0 0 
0 0 0 0 0 -0.922776 0.347031 -0.167492 
0 0 0 0 0 0.347031 0.937366 0.0302297 
0 0 0 0 0 -0.167492 0.0302297 0.98541 


1 0 0 0 0 0 0 0 
0 1 0 0 0 0 0 0 
0 0 1 0 0 0 0 0 
0 0 0 1 0 0 0 0 
0 0 0 0 1 0 0 0 
0 0 0 0 0 1 0 0 
0 0 0 0 0 0 -0.885651 0.464352 
0 0 0 0 0 0 0.464352 0.885651 


-0.979789 0.191477 -0.0529689 0.0213332 -0.00909424 0.00208453 -0.00151012 0.000623622 
0.191477 0.981481 0.00512294 -0.00206327 0.000879559 -0.000201607 0.000146053 -6.03142e-05 
-0.0529689 0.00512294 0.998583 0.000570767 -0.000243315 5.57711e-05 -4.0403e-05 1.66849e-05 
0.0213332 -0.00206327 0.000570767 0.99977 9.79951e-05 -2.24618e-05 1.62723e-05 -6.71984e-06 
-0.00909424 0.000879559 -0.000243315 9.79951e-05 0.999958 9.57536e-06 -6.9368e-06 2.86463e-06 
0.00208453 -0.000201607 5.57711e-05 -2.24618e-05 9.57536e-06 0.999998 1.59001e-06 -6.56614e-07 
-0.00151012 0.000146053 -4.0403e-05 1.62723e-05 -6.9368e-06 1.59001e-06 0.999999 4.75679e-07 
0.000623622 -6.03142e-05 1.66849e-05 -6.71984e-06 2.86463e-06 -6.56614e-07 4.75679e-07 1 


1 0 0 0 0 0 0 0 
0 -0.94865 0.294287 -0.110114 0.0360024 -0.00183479 0.00523197 -0.00260748 
0 0.294287 0.955556 0.0166295 -0.00543711 0.000277092 -0.000790137 0.000393785 
0 -0.110114 0.0166295 0.993778 0.00203441 -0.00010368 0.000295647 -0.000147343 
0 0.0360024 -0.00543711 0.00203441 0.999335 3.38988e-05 -9.66635e-05 4.81747e-05 
0 -0.00183479 0.000277092 -0.00010368 3.38988e-05 0.999998 4.92627e-06 -2.45513e-06 
0 0.00523197 -0.000790137 0.000295647 -9.66635e-05 4.92627e-06 0.999986 7.00088e-06 
0 -0.00260748 0.000393785 -0.000147343 4.81747e-05 -2.45513e-06 7.00088e-06 0.999997 


1 0 0 0 0 0 0 0 
0 1 0 0 0 0 0 0 
0 0 -0.892641 0.42486 -0.149472 -0.000495804 -0.0165279 0.00840411 
0 0 0.42486 0.904627 0.0335534 0.000111298 0.00371019 -0.00188656 
0 0 -0.149472 0.0335534 0.988195 -3.91562e-05 -0.00130529 0.000663716 
0 0 -0.000495804 0.000111298 -3.91562e-05 1 -4.32972e-06 2.20157e-06 
0 0 -0.0165279 0.00371019 -0.00130529 -4.32972e-06 0.999856 7.33907e-05 
0 0 0.00840411 -0.00188656 0.000663716 2.20157e-06 7.33907e-05 0.999963 


1 0 0 0 0 0 0 0 
0 1 0 0 0 0 0 0 
0 0 1 0 0 0 0 0 
0 0 0 -0.86424 0.494578 -0.081861 0.0339316 -0.0250922 
0 0 0 0.494578 0.86879 0.0217175 -0.00900197 0.00665689 
0 0 0 -0.081861 0.0217175 0.996405 0.00148998 -0.00110183 
0 0 0 0.0339316 -0.00900197 0.00148998 0.999382 0.000456711 
0 0 0 -0.0250922 0.00665689 -0.00110183 0.000456711 0.999662 


1 0 0 0 0 0 0 0 
0 1 0 0 0 0 0 0 
0 0 1 0 0 0 0 0 
0 0 0 1 0 0 0 0 
0 0 0 0 -0.88647 0.45207 -0.0811158 0.0567825 
0 0 0 0 0.45207 0.891667 0.0194384 -0.0136072 
0 0 0 0 -0.0811158 0.0194384 0.996512 0.00244158 
0 0 0 0 0.0567825 -0.0136072 0.00244158 0.998291 


1 0 0 0 0 0 0 0 
0 1 0 0 0 0 0 0 
0 0 1 0 0 0 0 0 
0 0 0 1 0 0 0 0 
0 0 0 0 1 0 0 0 
0 0 0 0 0 -0.913702 0.401233 -0.0645034 
0 0 0 0 0 0.401233 0.915876 0.013524 
0 0 0 0 0 -0.0645034 0.013524 0.997826 


1 0 0 0 0 0 0 0 
0 1 0 0 0 0 0 0 
0 0 1 0 0 0 0 0 
0 0 0 1 0 0 0 0 
0 0 0 0 1 0 0 0 
0 0 0 0 0 1 0 0 
0 0 0 0 0 0 -0.979175 -0.203019 
0 0 0 0 0 0 -0.203019 0.979175 


-0.9886 0.146676 -0.0324587 0.00952109 -0.00332235 0.000838091 2.49823e-05 8.61733e-05 
0.146676 0.989181 0.0023941 -0.00070226 0.000245051 -6.18163e-05 -1.84266e-06 -6.356e-06 
-0.0324587 0.0023941 0.99947 0.000155407 -5.42287e-05 1.36797e-05 4.07772e-07 1.40656e-06 
0.00952109 -0.00070226 0.000155407 0.999954 1.59068e-05 -4.01264e-06 -1.19611e-07 -4.12584e-07 
-0.00332235 0.000245051 -5.42287e-05 1.59068e-05 0.999994 1.4002e-06 4.17379e-08 1.43969e-07 
0.000838091 -6.18163e-05 1.36797e-05 -4.01264e-06 1.4002e-06 1 -1.05287e-08 -3.63176e-08 
2.49823e-05 -1.84266e-06 4.07772e-07 -1.19611e-07 4.17379e-08 -1.05287e-08 1 -1.08258e-09 
8.61733e-05 -6.356e-06 1.40656e-06 -4.12584e-07 1.43969e-07 -3.63176e-08 -1.08258e-09 1 


1 0 0 0 0 0 0 0 
0 -0.971407 0.229449 -0.0588736 0.0157974 -0.00244312 -0.000466405 -0.000430481 
0 0.229449 0.973295 0.0068522 -0.00183863 0.00028435 5.42841e-05 5.0103e-05 
0 -0.0588736 0.0068522 0.998242 0.000471768 -7.29606e-05 -1.39286e-05 -1.28558e-05 
0 0.0157974 -0.00183863 0.000471768 0.999873 1.95773e-05 3.73742e-06 3.44955e-06 
0 -0.00244312 0.00028435 -7.29606e-05 1.95773e-05 0.999997 -5.78004e-07 -5.33485e-07 
0 -0.000466405 5.42841e-05 -1.39286e-05 3.73742e-06 -5.78004e-07 1 -1.01845e-07 
0 -0.000430481 5.0103e-05 -1.28558e-05 3.44955e-06 -5.33485e-07 -1.01845e-07 1 


1 0 0 0 0 0 0 0 
0 1 0 0 0 0 0 0 
0 0 -0.950204 0.299689 -0.0845411 0.0116663 0.00339583 0.0022789 
0 0 0.299689 0.953947 0.0129915 -0.00179277 -0.000521838 -0.0003502 
0 0 -0.0845411 0.0129915 0.996335 0.000505734 0.000147209 9.87901e-05 
0 0 0.0116663 -0.00179277 0.000505734 0.99993 -2.03142e-05 -1.36326e-05 
0 0 0.00339583 -0.000521838 0.000147209 -2.03142e-05 0.999994 -3.96818e-06 
0 0 0.0022789 -0.0003502 9.87901e-05 -1.36326e-05 -3.96818e-06 0.999997 


1 0 0 0 0 0 0 0 
0 1 0 0 0 0 0 0 
0 0 1 0 0 0 0 0 
0 0 0 -0.913706 0.395409 -0.0923751 -0.0138318 -0.00830057 
0 0 0 0.395409 0.918301 0.0190865 0.00285793 0.00171506 
0 0 0 -0.0923751 0.0190865 0.995541 -0.000667666 -0.000400671 
0 0 0 -0.0138318 0.00285793 -0.000667666 0.9999 -5.99946e-05 
0 0 0 -0.00830057 0.00171506 -0.000400671 -5.99946e-05 0.999964 


1 0 0 0 0 0 0 0 
0 1 0 0 0 0 0 0 
0 0 1 0 0 0 0 0 
0 0 0 1 0 0 0 0 
0 0 0 0 -0.921411 0.388222 -0.00688964 0.0154203 
0 0 0 0 0.388222 0.921559 0.00139206 -0.00311568 
0 0 0 0 -0.00688964 0.00139206 0.999975 5.52928e-05 
0 0 0 0 0.0154203 -0.00311568 5.52928e-05 0.999876 


1 0 0 0 0 0 0 0 
0 1 0 0 0 0 0 0 
0 0 1 0 0 0 0 0 
0 0 0 1 0 0 0 0 
0 0 0 0 1 0 0 0 
0 0 0 0 0 -0.9502 0.30988 -0.0330795 
0 0 0 0 0 0.30988 0.950761 0.00525621 
0 0 0 0 0 -0.0330795 0.00525621 0.999439 


1 0 0 0 0 0 0 0 
0 1 0 0 0 0 0 0 
0 0 1 0 0 0 0 0 
0 0 0 1 0 0 0 0 
0 0 0 0 1 0 0 0 
0 0 0 0 0 1 0 0 
0 0 0 0 0 0 -0.9572 0.289429 
0 0 0 0 0 0 0.289429 0.9572 


-0.99361 0.111228 -0.0187495 0.00397379 -0.000914063 0.000149857 -6.05875e-06 4.3174e-06 
0.111228 0.993794 0.00104608 -0.000221707 5.09977e-05 -8.36088e-06 3.38032e-07 -2.40878e-07 
-0.0187495 0.00104608 0.999824 3.73726e-05 -8.59658e-06 1.40937e-06 -5.69813e-08 4.06043e-08 
0.00397379 -0.000221707 3.73726e-05 0.999992 1.82197e-06 -2.98704e-07 1.20767e-08 -8.60571e-09 
-0.000914063 5.09977e-05 -8.59658e-06 1.82197e-06 1 6.87089e-08 -2.77792e-09 1.97951e-09 
0.000149857 -8.36088e-06 1.40937e-06 -2.98704e-07 6.87089e-08 1 4.55428e-10 -3.24533e-10 
-6.05875e-06 3.38032e-07 -5.69813e-08 1.20767e-08 -2.77792e-09 4.55428e-10 1 1.3121e-11 
4.3174e-06 -2.40878e-07 4.06043e-08 -8.60571e-09 1.97951e-09 -3.24533e-10 1.3121e-11 1 


1 0 0 0 0 0 0 0 
0 -0.984555 0.172237 -0.0309129 0.00553968 -0.000618093 -3.07996e-05 -1.53783e-05 
0 0.172237 0.985052 0.00268289 -0.000480781 5.36434e-05 2.67305e-06 1.33466e-06 
0 -0.0309129 0.00268289 0.999518 8.62901e-05 -9.62786e-06 -4.79756e-07 -2.39544e-07 
0 0.00553968 -0.000480781 8.62901e-05 0.999985 1.72534e-06 8.59738e-08 4.2927e-08 
0 -0.000618093 5.36434e-05 -9.62786e-06 1.72534e-06 1 -9.59257e-09 -4.7896e-09 
0 -3.07996e-05 2.67305e-06 -4.79756e-07 8.59738e-08 -9.59257e-09 1 -2.38666e-10 
0 -1.53783e-05 1.33466e-06 -2.39544e-07 4.2927e-08 -4.7896e-09 -2.38666e-10 1 


1 0 0 0 0 0 0 0 
0 1 0 0 0 0 0 0 
0 0 -0.975939 0.214197 -0.0405451 0.00435514 0.000329875 0.000116665 
0 0 0.214197 0.976781 0.00439519 -0.000472108 -3.57593e-05 -1.26468e-05 
0 0 -0.0405451 0.00439519 0.999168 8.9365e-05 6.76885e-06 2.3939e-06 
0 0 0.00435514 -0.000472108 8.9365e-05 0.99999 -7.27073e-07 -2.5714e-07 
0 0 0.000329875 -3.57593e-05 6.76885e-06 -7.27073e-07 1 -1.94768e-08 
0 0 0.000116665 -1.26468e-05 2.3939e-06 -2.5714e-07 -1.94768e-08 1 


1 0 0 0 0 0 0 0 
0 1 0 0 0 0 0 0 
0 0 1 0 0 0 0 0 
0 0 0 -0.962258 0.268789 -0.042529 -5.21085e-05 -0.00150551 
0 0 0 0.268789 0.963181 0.00582561 7.1378e-06 0.000206224 
0 0 0 -0.042529 0.00582561 0.999078 -1.12937e-06 -3.26297e-05 
0 0 0 -5.21085e-05 7.1378e-06 -1.12937e-06 1 -3.99793e-08 
0 0 0 -0.00150551 0.000206224 -3.26297e-05 -3.99793e-08 0.999999 


1 0 0 0 0 0 0 0 
0 1 0 0 0 0 0 0 
0 0 1 0 0 0 0 0 
0 0 0 1 0 0 0 0 
0 0 0 0 -0.966969 0.253606 -0.0239091 0.00911495 
0 0 0 0 0.253606 0.967302 0.00308265 -0.00117521 
0 0 0 0 -0.0239091 0.00308265 0.999709 0.000110795 
0 0 0 0 0.00911495 -0.00117521 0.000110795 0.999958 


1 0 0 0 0 0 0 0 
0 1 0 0 0 0 0 0 
0 0 1 0 0 0 0 0 
0 0 0 1 0 0 0 0 
0 0 0 0 1 0 0 0 
0 0 0 0 0 -0.965505 0.259457 -0.0219723 
0 0 0 0 0 0.259457 0.96575 0.00290046 
0 0 0 0 0 -0.0219723 0.00290046 0.999754 


1 0 0 0 0 0 0 0 
0 1 0 0 0 0 0 0 
0 0 1 0 0 0 0 0 
0 0 0 1 0 0 0 0 
0 0 0 0 1 0 0 0 
0 0 0 0 0 1 0 0 
0 0 0 0 0 0 -0.986484 -0.163855 
0 0 0 0 0 0 -0.163855 0.986484 


-0.99646 0.0834116 -0.0103309 0.00154674 -0.000205467 2.0403e-05 -5.30718e-07 -1.26444e-07 
0.0834116 0.996515 0.000431622 -6.46222e-05 8.58435e-06 -8.52432e-07 2.21732e-08 5.28278e-09 
-0.0103309 0.000431622 0.999947 8.00375e-06 -1.06321e-06 1.05577e-07 -2.74625e-09 -6.54295e-10 
0.00154674 -6.46222e-05 8.00375e-06 0.999999 1.59183e-07 -1.5807e-08 4.11168e-10 9.79607e-11 
-0.000205467 8.58435e-06 -1.06321e-06 1.59183e-07 1 2.09978e-09 -5.46191e-11 -1.3013e-11 
2.0403e-05 -8.52432e-07 1.05577e-07 -1.5807e-08 2.09978e-09 1 5.42371e-12 1.2922e-12 
-5.30718e-07 2.21732e-08 -2.74625e-09 4.11168e-10 -5.46191e-11 5.42371e-12 1 -3.36124e-14 
-1.26444e-07 5.28278e-09 -6.54295e-10 9.79607e-11 -1.3013e-11 1.2922e-12 -3.36124e-14 1 


1 0 0 0 0 0 0 0 
0 -0.991941 0.125702 -0.0157958 0.00164501 -0.000114039 -1.80296e-06 9.30808e-07 
0 0.125702 0.992067 0.000996801 -0.000103809 7.19649e-06 1.13777e-07 -5.87391e-08 
0 -0.0157958 0.000996801 0.999875 1.30447e-05 -9.04312e-07 -1.42972e-08 7.38117e-09 
0 0.00164501 -0.000103809 1.30447e-05 0.999999 9.41774e-08 1.48895e-09 -7.68693e-10 
0 -0.000114039 7.19649e-06 -9.04312e-07 9.41774e-08 1 -1.0322e-10 5.3289e-11 
0 -1.80296e-06 1.13777e-07 -1.42972e-08 1.48895e-09 -1.0322e-10 1 8.425e-13 
0 9.30808e-07 -5.87391e-08 7.38117e-09 -7.68693e-10 5.3289e-11 8.425e-13 1 


1 0 0 0 0 0 0 0 
0 1 0 0 0 0 0 0 
0 0 -0.988261 0.15184 -0.0168161 0.00115561 2.61167e-05 -1.01976e-05 
0 0 0.15184 0.988404 0.00128422 -8.82524e-05 -1.99449e-06 7.78773e-07 
0 0 -0.0168161 0.00128422 0.999858 9.77382e-06 2.20887e-07 -8.6248e-08 
0 0 0.00115561 -8.82524e-05 9.77382e-06 0.999999 -1.51795e-08 5.92703e-09 
0 0 2.61167e-05 -1.99449e-06 2.20887e-07 -1.51795e-08 1 1.3395e-10 
0 0 -1.01976e-05 7.78773e-07 -8.6248e-08 5.92703e-09 1.3395e-10 1 


1 0 0 0 0 0 0 0 
0 1 0 0 0 0 0 0 
0 0 1 0 0 0 0 0 
0 0 0 -0.987148 0.159048 -0.0155567 0.00017529 0.000122095 
0 0 0 0.159048 0.98727 0.00124514 -1.40299e-05 -9.77231e-06 
0 0 0 -0.0155567 0.00124514 0.999878 1.37229e-06 9.55844e-07 
0 0 0 0.00017529 -1.40299e-05 1.37229e-06 1 -1.07702e-08 
0 0 0 0.000122095 -9.77231e-06 9.55844e-07 -1.07702e-08 1 


1 0 0 0 0 0 0 0 
0 1 0 0 0 0 0 0 
0 0 1 0 0 0 0 0 
0 0 0 1 0 0 0 0 
0 0 0 0 -0.987572 0.156922 -0.00874511 -0.000833473 
0 0 0 0 0.156922 0.987611 0.000690441 6.5804e-05 
0 0 0 0 -0.00874511 0.000690441 0.999962 -3.66719e-06 
0 0 0 0 -0.000833473 6.5804e-05 -3.66719e-06 1 


1 0 0 0 0 0 0 0 
0 1 0 0 0 0 0 0 
0 0 1 0 0 0 0 0 
0 0 0 1 0 0 0 0 
0 0 0 0 1 0 0 0 
0 0 0 0 0 -0.990924 0.134417 -0.00099009 
0 0 0 0 0 0.134417 0.990925 6.68457e-05 
0 0 0 0 0 -0.00099009 6.68457e-05 1 


1 0 0 0 0 0 0 0 
0 1 0 0 0 0 0 0 
0 0 1 0 0 0 0 0 
0 0 0 1 0 0 0 0 
0 0 0 0 1 0 0 0 
0 0 0 0 0 1 0 0 
0 0 0 0 0 0 -0.994812 0.101727 
0 0 0 0 0 0 0.101727 0.994812 


-0.998061 0.0619914 -0.00552956 0.000569237 -4.22684e-05 2.40261e-06 -3.03584e-08 2.08642e-09 
0.0619914 0.998077 0.000171559 -1.7661e-05 1.31141e-06 -7.4543e-08 9.41893e-10 -6.47329e-11 
-0.00552956 0.000171559 0.999985 1.57534e-06 -1.16976e-07 6.64915e-09 -8.40158e-11 5.7741e-12 
0.000569237 -1.7661e-05 1.57534e-06 1 1.2042e-08 -6.84492e-10 8.64894e-12 -5.9441e-13 
-4.22684e-05 1.31141e-06 -1.16976e-07 1.2042e-08 1 5.08266e-11 -6.42223e-13 4.41376e-14 
2.40261e-06 -7.4543e-08 6.64915e-09 -6.84492e-10 5.08266e-11 1 3.65051e-14 -2.50887e-15 
-3.03584e-08 9.41893e-10 -8.40158e-11 8.64894e-12 -6.42223e-13 3.65051e-14 1 3.1701e-17 
2.08642e-09 -6.47329e-11 5.7741e-12 -5.9441e-13 4.41376e-14 -2.50887e-15 3.1701e-17 1 


1 0 0 0 0 0 0 0 
0 -0.995886 0.0902773 -0.0077944 0.000454567 -1.81185e-05 -1.09413e-07 -2.21524e-08 
0 0.0902773 0.995917 0.000352554 -2.05608e-05 8.19529e-07 4.94892e-09 1.00199e-09 
0 -0.0077944 0.000352554 0.99997 1.77519e-06 -7.07569e-08 -4.27282e-10 -8.65102e-11 
0 0.000454567 -2.05608e-05 1.77519e-06 1 4.12652e-09 2.49189e-11 5.04525e-12 
0 -1.81185e-05 8.19529e-07 -7.07569e-08 4.12652e-09 1 -9.93238e-13 -2.01097e-13 
0 -1.09413e-07 4.94892e-09 -4.27282e-10 2.49189e-11 -9.93238e-13 1 -1.21437e-15 
0 -2.21524e-08 1.00199e-09 -8.65102e-11 5.04525e-12 -2.01097e-13 -1.21437e-15 1 


1 0 0 0 0 0 0 0 
0 1 0 0 0 0 0 0 
0 0 -0.99445 0.105009 -0.00654614 0.00026262 2.0834e-06 3.4139e-07 
0 0 0.105009 0.994471 0.000344659 -1.38271e-05 -1.09692e-07 -1.79744e-08 
0 0 -0.00654614 0.000344659 0.999979 8.61967e-07 6.83808e-09 1.1205e-09 
0 0 0.00026262 -1.38271e-05 8.61967e-07 1 -2.74332e-10 -4.49527e-11 
0 0 2.0834e-06 -1.09692e-07 6.83808e-09 -2.74332e-10 1 -3.56615e-13 
0 0 3.4139e-07 -1.79744e-08 1.1205e-09 -4.49527e-11 -3.56615e-13 1 


1 0 0 0 0 0 0 0 
0 1 0 0 0 0 0 0 
0 0 1 0 0 0 0 0 
0 0 0 -0.995925 0.090045 -0.00510237 3.57301e-05 -5.56453e-06 
0 0 0 0.090045 0.995938 0.000230191 -1.61194e-06 2.51041e-07 
0 0 0 -0.00510237 0.000230191 0.999987 9.13403e-08 -1.42251e-08 
0 0 0 3.57301e-05 -1.61194e-06 9.13403e-08 1 9.96136e-11 
0 0 0 -5.56453e-06 2.51041e-07 -1.42251e-08 9.96136e-11 1 


1 0 0 0 0 0 0 0 
0 1 0 0 0 0 0 0 
0 0 1 0 0 0 0 0 
0 0 0 1 0 0 0 0 
0 0 0 0 -0.995823 0.0912776 -0.00243421 6.03576e-05 
0 0 0 0 0.0912776 0.995825 0.000111327 -2.76041e-06 
0 0 0 0 -0.00243421 0.000111327 0.999997 7.36152e-08 
0 0 0 0 6.03576e-05 -2.76041e-06 7.36152e-08 1 


1 0 0 0 0 0 0 0 
0 1 0 0 0 0 0 0 
0 0 1 0 0 0 0 0 
0 0 0 1 0 0 0 0 
0 0 0 0 1 0 0 0 
0 0 0 0 0 -0.998106 0.0615242 0.000317392 
0 0 0 0 0 0.0615242 0.998106 -9.77289e-06 
0 0 0 0 0 0.000317392 -9.77289e-06 1 


1 0 0 0 0 0 0 0 
0 1 0 0 0 0 0 0 
0 0 1 0 0 0 0 0 
0 0 0 1 0 0 0 0 
0 0 0 0 1 0 0 0 
0 0 0 0 0 1 0 0 
0 0 0 0 0 0 -0.999405 -0.0344846 
0 0 0 0 0 0 -0.0344846 0.999405 


-0.998947 0.0457893 -0.00290998 0.000202721 -8.39436e-06 2.6642e-07 -1.49213e-09 -3.00697e-11 
0.0457893 0.998951 6.66581e-05 -4.64368e-06 1.92287e-07 -6.1028e-09 3.41799e-11 6.88798e-13 
-0.00290998 6.66581e-05 0.999996 2.95113e-07 -1.22201e-08 3.87842e-10 -2.17218e-12 -4.37741e-14 
0.000202721 -4.64368e-06 2.95113e-07 1 8.51306e-10 -2.70187e-11 1.51323e-13 3.04949e-15 
-8.39436e-06 1.92287e-07 -1.22201e-08 8.51306e-10 1 1.1188e-12 -6.26605e-15 -1.26274e-16 
2.6642e-07 -6.1028e-09 3.87842e-10 -2.70187e-11 1.1188e-12 1 1.98871e-16 4.00769e-18 
-1.49213e-09 3.41799e-11 -2.17218e-12 1.51323e-13 -6.26605e-15 1.98871e-16 1 -2.24458e-20 
-3.00697e-11 6.88798e-13 -4.37741e-14 3.04949e-15 -1.26274e-16 4.00769e-18 -2.24458e-20 1 


1 0 0 0 0 0 0 0 
0 -0.997927 0.0642512 -0.00375673 0.000122229 -2.71513e-06 -7.16256e-09 4.36311e-10 
0 0.0642512 0.997934 0.000120813 -3.93076e-06 8.73159e-08 2.3034e-10 -1.40313e-11 
0 -0.00375673 0.000120813 0.999993 2.29829e-07 -5.10531e-09 -1.34679e-11 8.20403e-13 
0 0.000122229 -3.93076e-06 2.29829e-07 1 1.66107e-10 4.38191e-13 -2.66927e-14 
0 -2.71513e-06 8.73159e-08 -5.10531e-09 1.66107e-10 1 -9.73375e-15 5.92937e-16 
0 -7.16256e-09 2.3034e-10 -1.34679e-11 4.38191e-13 -9.73375e-15 1 1.56417e-18 
0 4.36311e-10 -1.40313e-11 8.20403e-13 -2.66927e-14 5.92937e-16 1.56417e-18 1 


1 0 0 0 0 0 0 0 
0 1 0 0 0 0 0 0 
0 0 -0.997448 0.0713544 -0.00248975 5.61308e-05 1.80638e-07 -9.49874e-09 
0 0 0.0713544 0.997451 8.89408e-05 -2.00515e-06 -6.45289e-09 3.39321e-10 
0 0 -0.00248975 8.89408e-05 0.999997 6.99652e-08 2.25159e-10 -1.18399e-11 
0 0 5.61308e-05 -2.00515e-06 6.99652e-08 1 -5.07615e-12 2.66927e-13 
0 0 1.80638e-07 -6.45289e-09 2.25159e-10 -5.07615e-12 1 8.59013e-16 
0 0 -9.49874e-09 3.39321e-10 -1.18399e-11 2.66927e-13 8.59013e-16 1 


1 0 0 0 0 0 0 0 
0 1 0 0 0 0 0 0 
0 0 1 0 0 0 0 0 
0 0 0 -0.998721 0.0505331 -0.00160911 5.33482e-06 2.26036e-07 
0 0 0 0.0505331 0.998722 4.06827e-05 -1.34879e-07 -5.71482e-09 
0 0 0 -0.00160911 4.06827e-05 0.999999 4.2949e-09 1.81975e-10 
0 0 0 5.33482e-06 -1.34879e-07 4.2949e-09 1 -6.03317e-13 
0 0 0 2.26036e-07 -5.71482e-09 1.81975e-10 -6.03317e-13 1 


1 0 0 0 0 0 0 0 
0 1 0 0 0 0 0 0 
0 0 1 0 0 0 0 0 
0 0 0 1 0 0 0 0 
0 0 0 0 -0.998674 0.0514852 -0.000612222 -4.30069e-06 
0 0 0 0 0.0514852 0.998674 1.57707e-05 1.10785e-07 
0 0 0 0 -0.000612222 1.57707e-05 1 -1.31736e-09 
0 0 0 0 -4.30069e-06 1.10785e-07 -1.31736e-09 1 


1 0 0 0 0 0 0 0 
0 1 0 0 0 0 0 0 
0 0 1 0 0 0 0 0 
0 0 0 1 0 0 0 0 
0 0 0 0 1 0 0 0 
0 0 0 0 0 -0.999635 0.0270022 -4.37504e-05 
0 0 0 0 0 0.0270022 0.999635 5.90786e-07 
0 0 0 0 0 -4.37504e-05 5.90786e-07 1 


1 0 0 0 0 0 0 0 
0 1 0 0 0 0 0 0 
0 0 1 0 0 0 0 0 
0 0 0 1 0 0 0 0 
0 0 0 0 1 0 0 0 
0 0 0 0 0 1 0 0 
0 0 0 0 0 0 -0.999947 0.0102981 
0 0 0 0 0 0 0.0102981 0.999947 


-0.999431 0.033691 -0.00151688 7.0969e-05 -1.64351e-06 2.89193e-08 -6.98972e-11 4.14133e-13 
0.033691 0.999432 2.55599e-05 -1.19585e-06 2.76936e-08 -4.87298e-10 1.17779e-12 -6.97827e-15 
-0.00151688 2.55599e-05 0.999999 5.3841e-08 -1.24686e-09 2.19398e-11 -5.30279e-14 3.14184e-16 
7.0969e-05 -1.19585e-06 5.3841e-08 1 5.83356e-11 -1.02648e-12 2.48097e-15 -1.46995e-17 
-1.64351e-06 2.76936e-08 -1.24686e-09 5.83356e-11 1 2.37713e-14 -5.74546e-17 3.40412e-19 
2.89193e-08 -4.87298e-10 2.19398e-11 -1.02648e-12 2.37713e-14 1 1.01098e-18 -5.98992e-21 
-6.98972e-11 1.17779e-12 -5.30279e-14 2.48097e-15 -5.74546e-17 1.01098e-18 1 1.44775e-23 
4.14133e-13 -6.97827e-15 3.14184e-16 -1.46995e-17 3.40412e-19 -5.98992e-21 1.44775e-23 1 


1 0 0 0 0 0 0 0 
0 -0.998963 0.0455021 -0.00178788 3.25322e-05 -3.996e-07 -4.75059e-10 -8.16774e-12 
0 0.0455021 0.998964 4.06973e-05 -7.40525e-07 9.09604e-09 1.08137e-11 1.85921e-13 
0 -0.00178788 4.06973e-05 0.999998 2.9097e-08 -3.57404e-10 -4.24895e-13 -7.30527e-15 
0 3.25322e-05 -7.40525e-07 2.9097e-08 1 6.50331e-12 7.73137e-15 1.32926e-16 
0 -3.996e-07 9.09604e-09 -3.57404e-10 6.50331e-12 1 -9.49661e-17 -1.63276e-18 
0 -4.75059e-10 1.08137e-11 -4.24895e-13 7.73137e-15 -9.49661e-17 1 -1.94109e-21 
0 -8.16774e-12 1.85921e-13 -7.30527e-15 1.32926e-16 -1.63276e-18 -1.94109e-21 1 


1 0 0 0 0 0 0 0 
0 1 0 0 0 0 0 0 
0 0 -0.998845 0.048036 -0.000939198 1.17618e-05 1.62913e-08 2.51959e-10 
0 0 0.048036 0.998846 2.25707e-05 -2.82657e-07 -3.91511e-10 -6.05505e-12 
0 0 -0.000939198 2.25707e-05 1 5.5265e-09 7.65479e-12 1.18388e-13 
0 0 1.17618e-05 -2.82657e-07 5.5265e-09 1 -9.58625e-14 -1.4826e-15 
0 0 1.62913e-08 -3.91511e-10 7.65479e-12 -9.58625e-14 1 -2.05356e-18 
0 0 2.51959e-10 -6.05505e-12 1.18388e-13 -1.4826e-15 -2.05356e-18 1 


1 0 0 0 0 0 0 0 
0 1 0 0 0 0 0 0 
0 0 1 0 0 0 0 0 
0 0 0 -0.999598 0.0283511 -0.000502152 7.32274e-07 -8.91087e-09 
0 0 0 0.0283511 0.999598 7.11971e-06 -1.03825e-08 1.26342e-10 
0 0 0 -0.000502152 7.11971e-06 1 1.83893e-10 -2.23775e-12 
0 0 0 7.32274e-07 -1.03825e-08 1.83893e-10 1 3.26325e-15 
0 0 0 -8.91087e-09 1.26342e-10 -2.23775e-12 3.26325e-15 1 


1 0 0 0 0 0 0 0 
0 1 0 0 0 0 0 0 
0 0 1 0 0 0 0 0 
0 0 0 1 0 0 0 0 
0 0 0 0 -0.999588 0.028709 -0.000148678 3.02136e-07 
0 0 0 0 0.028709 0.999588 2.13464e-06 -4.3379e-09 
0 0 0 0 -0.000148678 2.13464e-06 1 2.24651e-11 
0 0 0 0 3.02136e-07 -4.3379e-09 2.24651e-11 1 


1 0 0 0 0 0 0 0 
0 1 0 0 0 0 0 0 
0 0 1 0 0 0 0 0 
0 0 0 1 0 0 0 0 
0 0 0 0 1 0 0 0 
0 0 0 0 0 -0.999932 0.0117014 5.50155e-06 
0 0 0 0 0 0.0117014 0.999932 -3.21891e-08 
0 0 0 0 0 5.50155e-06 -3.21891e-08 1 


1 0 0 0 0 0 0 0 
0 1 0 0 0 0 0 0 
0 0 1 0 0 0 0 0 
0 0 0 1 0 0 0 0 
0 0 0 0 1 0 0 0 
0 0 0 0 0 1 0 0 
0 0 0 0 0 0 -0.999995 -0.00300229 
0 0 0 0 0 0 -0.00300229 0.999995 


-0.999694 0.0247315 -0.000786588 2.46353e-05 -3.19877e-07 3.11709e-09 -3.237e-12 -5.61187e-15 
0.0247315 0.999694 9.72824e-06 -3.04681e-07 3.95613e-09 -3.85511e-11 4.0034e-14 6.94056e-17 
-0.000786588 9.72824e-06 1 9.69041e-09 -1.25825e-10 1.22612e-12 -1.27329e-15 -2.20745e-18 
2.46353e-05 -3.04681e-07 9.69041e-09 1 3.94074e-12 -3.84011e-14 3.98783e-17 6.91357e-20 
-3.19877e-07 3.95613e-09 -1.25825e-10 3.94074e-12 1 4.98619e-16 -5.178e-19 -8.97692e-22 
3.11709e-09 -3.85511e-11 1.22612e-12 -3.84011e-14 4.98619e-16 1 5.04577e-21 8.74768e-24 
-3.237e-12 4.0034e-14 -1.27329e-15 3.98783e-17 -5.178e-19 5.04577e-21 1 -9.08419e-27 
-5.61187e-15 6.94056e-17 -2.20745e-18 6.91357e-20 -8.97692e-22 8.74768e-24 -9.08419e-27 1 


1 0 0 0 0 0 0 0 
0 -0.999483 0.0321397 -0.000845664 8.62662e-06 -5.85682e-08 -3.10504e-11 1.50675e-13 
0 0.0321397 0.999483 1.35932e-05 -1.38664e-07 9.41425e-10 4.99103e-13 -2.42195e-15 
0 -0.000845664 1.35932e-05 1 3.64856e-09 -2.47709e-11 -1.31325e-14 6.37267e-17 
0 8.62662e-06 -1.38664e-07 3.64856e-09 1 2.52688e-13 1.33964e-16 -6.50076e-19 
0 -5.85682e-08 9.41425e-10 -2.47709e-11 2.52688e-13 1 -9.09517e-19 4.41352e-21 
0 -3.10504e-11 4.99103e-13 -1.31325e-14 1.33964e-16 -9.09517e-19 1 2.33986e-24 
0 1.50675e-13 -2.42195e-15 6.37267e-17 -6.50076e-19 4.41352e-21 2.33986e-24 1 


1 0 0 0 0 0 0 0 
0 1 0 0 0 0 0 0 
0 0 -0.999481 0.0321974 -0.000353314 2.45161e-06 1.47718e-09 -6.59446e-12 
0 0 0.0321974 0.999482 5.68938e-06 -3.94781e-08 -2.37869e-11 1.0619e-13 
0 0 -0.000353314 5.68938e-06 1 4.33207e-10 2.61022e-13 -1.16526e-15 
0 0 2.45161e-06 -3.94781e-08 4.33207e-10 1 -1.81121e-15 8.08562e-18 
0 0 1.47718e-09 -2.37869e-11 2.61022e-13 -1.81121e-15 1 4.87187e-21 
0 0 -6.59446e-12 1.0619e-13 -1.16526e-15 8.08562e-18 4.87187e-21 1 


1 0 0 0 0 0 0 0 
0 1 0 0 0 0 0 0 
0 0 1 0 0 0 0 0 
0 0 0 -0.999873 0.0159217 -0.000156426 9.85543e-08 3.48361e-10 
0 0 0 0.0159217 0.999873 1.24537e-06 -7.84626e-10 -2.77343e-12 
0 0 0 -0.000156426 1.24537e-06 1 7.70873e-12 2.72481e-14 
0 0 0 9.85543e-08 -7.84626e-10 7.70873e-12 1 -1.71673e-17 
0 0 0 3.48361e-10 -2.77343e-12 2.72481e-14 -1.71673e-17 1 


1 0 0 0 0 0 0 0 
0 1 0 0 0 0 0 0 
0 0 1 0 0 0 0 0 
0 0 0 1 0 0 0 0 
0 0 0 0 -0.999873 0.0159472 -3.57145e-05 -2.10523e-08 
0 0 0 0 0.0159472 0.999873 2.84792e-07 1.67873e-10 
0 0 0 0 -3.57145e-05 2.84792e-07 1 -3.7596e-13 
0 0 0 0 -2.10523e-08 1.67873e-10 -3.7596e-13 1 


1 0 0 0 0 0 0 0 
0 1 0 0 0 0 0 0 
0 0 1 0 0 0 0 0 
0 0 0 1 0 0 0 0 
0 0 0 0 1 0 0 0 
0 0 0 0 0 -0.999987 0.00505264 -6.85814e-07 
0 0 0 0 0 0.00505264 0.999987 1.7326e-09 
0 0 0 0 0 -6.85814e-07 1.7326e-09 1 


1 0 0 0 0 0 0 0 
0 1 0 0 0 0 0 0 
0 0 1 0 0 0 0 0 
0 0 0 1 0 0 0 0 
0 0 0 0 1 0 0 0 
0 0 0 0 0 1 0 0 
0 0 0 0 0 0 -1 0.00087137 
0 0 0 0 0 0 0.00087137 1 


-0.999836 0.0181298 -0.000406748 8.51672e-06 -6.21012e-08 3.35223e-10 -1.49677e-13 7.56111e-17 
0.0181298 0.999836 3.68744e-06 -7.72097e-08 5.62988e-10 -3.03902e-12 1.35692e-15 -6.85465e-19 
-0.000406748 3.68744e-06 1 1.73222e-09 -1.26308e-11 6.81813e-14 -3.04428e-17 1.53786e-20 
8.51672e-06 -7.72097e-08 1.73222e-09 1 2.64471e-13 -1.42762e-15 6.37429e-19 -3.22006e-22 
-6.21012e-08 5.62988e-10 -1.26308e-11 2.64471e-13 1 1.04097e-17 -4.64793e-21 2.34796e-24 
3.35223e-10 -3.03902e-12 6.81813e-14 -1.42762e-15 1.04097e-17 1 2.50896e-23 -1.26744e-26 
-1.49677e-13 1.35692e-15 -3.04428e-17 6.37429e-19 -4.64793e-21 2.50896e-23 1 5.65907e-30 
7.56111e-17 -6.85465e-19 1.53786e-20 -3.22006e-22 2.34796e-24 -1.26744e-26 5.65907e-30 1 


1 0 0 0 0 0 0 0 
0 -0.999743 0.0226707 -0.000398874 2.28469e-06 -8.58224e-09 -2.00147e-12 -2.76813e-15 
0 0.0226707 0.999743 4.52197e-06 -2.59011e-08 9.72954e-11 2.26903e-14 3.13818e-17 
0 -0.000398874 4.52197e-06 1 4.55711e-10 -1.71184e-12 -3.99218e-16 -5.5214e-19 
0 2.28469e-06 -2.59011e-08 4.55711e-10 1 9.80515e-15 2.28666e-18 3.16257e-21 
0 -8.58224e-09 9.72954e-11 -1.71184e-12 9.80515e-15 1 -8.58964e-21 -1.18799e-23 
0 -2.00147e-12 2.26903e-14 -3.99218e-16 2.28666e-18 -8.58964e-21 1 -2.77052e-27 
0 -2.76813e-15 3.13818e-17 -5.5214e-19 3.16257e-21 -1.18799e-23 -2.77052e-27 1 


1 0 0 0 0 0 0 0 
0 1 0 0 0 0 0 0 
0 0 -0.999768 0.0215403 -0.000132803 5.1053e-07 1.33573e-10 1.71962e-13 
0 0 0.0215403 0.999768 1.43047e-06 -5.49912e-09 -1.43877e-12 -1.85227e-15 
0 0 -0.000132803 1.43047e-06 1 3.39039e-11 8.87049e-15 1.14198e-17 
0 0 5.1053e-07 -5.49912e-09 3.39039e-11 1 -3.41005e-17 -4.3901e-20 
0 0 1.33573e-10 -1.43877e-12 8.87049e-15 -3.41005e-17 1 -1.14861e-23 
0 0 1.71962e-13 -1.85227e-15 1.14198e-17 -4.3901e-20 -1.14861e-23 1 


1 0 0 0 0 0 0 0 
0 1 0 0 0 0 0 0 
0 0 1 0 0 0 0 0 
0 0 0 -0.99996 0.00894845 -4.87397e-05 1.32242e-08 -1.35893e-11 
0 0 0 0.00894845 0.99996 2.18077e-07 -5.91693e-11 6.08029e-14 
0 0 0 -4.87397e-05 2.18077e-07 1 3.22278e-13 -3.31176e-16 
0 0 0 1.32242e-08 -5.91693e-11 3.22278e-13 1 8.98559e-20 
0 0 0 -1.35893e-11 6.08029e-14 -3.31176e-16 8.98559e-20 1 


1 0 0 0 0 0 0 0 
0 1 0 0 0 0 0 0 
0 0 1 0 0 0 0 0 
0 0 0 1 0 0 0 0 
0 0 0 0 -0.999961 0.00884741 -8.55081e-06 1.46194e-09 
0 0 0 0 0.00884741 0.999961 3.7827e-08 -6.46732e-12 
0 0 0 0 -8.55081e-06 3.7827e-08 1 6.2505e-15 
0 0 0 0 1.46194e-09 -6.46732e-12 6.2505e-15 1 


1 0 0 0 0 0 0 0 
0 1 0 0 0 0 0 0 
0 0 1 0 0 0 0 0 
0 0 0 1 0 0 0 0 
0 0 0 0 1 0 0 0 
0 0 0 0 0 -0.999998 0.00217949 8.55856e-08 
0 0 0 0 0 0.00217949 0.999998 -9.32666e-11 
0 0 0 0 0 8.55856e-08 -9.32666e-11 1 


1 0 0 0 0 0 0 0 
0 1 0 0 0 0 0 0 
0 0 1 0 0 0 0 0 
0 0 0 1 0 0 0 0 
0 0 0 0 1 0 0 0 
0 0 0 0 0 1 0 0 
0 0 0 0 0 0 -1 -0.000252692 
0 0 0 0 0 0 -0.000252692 1 


-0.999912 0.0132799 -0.000210017 2.9386e-06 -1.20432e-08 3.60258e-11 -6.92414e-15 -1.01669e-18 
0.0132799 0.999912 1.39457e-06 -1.9513e-08 7.99697e-11 -2.3922e-13 4.5978e-17 6.75105e-21 
-0.000210017 1.39457e-06 1 3.08592e-10 -1.26469e-12 3.78319e-15 -7.27126e-19 -1.06766e-22 
2.9386e-06 -1.9513e-08 3.08592e-10 1 1.76958e-14 -5.2935e-17 1.01741e-20 1.49388e-24 
-1.20432e-08 7.99697e-11 -1.26469e-12 1.76958e-14 1 2.16942e-19 -4.16962e-23 -6.12234e-27 
3.60258e-11 -2.3922e-13 3.78319e-15 -5.2935e-17 2.16942e-19 1 1.24729e-25 1.83143e-29 
-6.92414e-15 4.5978e-17 -7.27126e-19 1.01741e-20 -4.16962e-23 1.24729e-25 1 -3.51999e-33 
-1.01669e-18 6.75105e-21 -1.06766e-22 1.49388e-24 -6.12234e-27 1.83143e-29 -3.51999e-33 1 


1 0 0 0 0 0 0 0 
0 -0.999872 0.0159807 -0.000187905 6.04873e-07 -1.2583e-09 -1.27907e-13 5.08025e-17 
0 0.0159807 0.999872 1.50152e-06 -4.83345e-09 1.00549e-11 1.02208e-15 -4.05955e-19 
0 -0.000187905 1.50152e-06 1 5.68331e-11 -1.18228e-13 -1.2018e-17 4.77334e-21 
0 6.04873e-07 -4.83345e-09 5.68331e-11 1 3.80579e-16 3.86861e-20 -1.53655e-23 
0 -1.2583e-09 1.00549e-11 -1.18228e-13 3.80579e-16 1 -8.04775e-23 3.19643e-26 
0 -1.27907e-13 1.02208e-15 -1.2018e-17 3.86861e-20 -8.04775e-23 1 3.2492e-30 
0 5.08025e-17 -4.05955e-19 4.77334e-21 -1.53655e-23 3.19643e-26 3.2492e-30 1 


1 0 0 0 0 0 0 0 
0 1 0 0 0 0 0 0 
0 0 -0.999896 0.0143993 -4.99089e-05 1.06326e-07 1.20442e-11 -4.48021e-15 
0 0 0.0143993 0.999896 3.59345e-07 -7.6555e-10 -8.67188e-14 3.22576e-17 
0 0 -4.99089e-05 3.59345e-07 1 2.65344e-12 3.00573e-16 -1.11807e-19 
0 0 1.06326e-07 -7.6555e-10 2.65344e-12 1 -6.40342e-19 2.38194e-22 
0 0 1.20442e-11 -8.67188e-14 3.00573e-16 -6.40342e-19 1 2.69818e-26 
0 0 -4.48021e-15 3.22576e-17 -1.11807e-19 2.38194e-22 2.69818e-26 1 


1 0 0 0 0 0 0 0 
0 1 0 0 0 0 0 0 
0 0 1 0 0 0 0 0 
0 0 0 -0.999987 0.00503157 -1.51931e-05 1.77528e-09 5.29869e-13 
0 0 0 0.00503157 0.999987 3.82227e-08 -4.46626e-12 -1.33304e-15 
0 0 0 -1.51931e-05 3.82227e-08 1 1.34861e-14 4.02519e-18 
0 0 0 1.77528e-09 -4.46626e-12 1.34861e-14 1 -4.70337e-22 
0 0 0 5.29869e-13 -1.33304e-15 4.02519e-18 -4.70337e-22 1 


1 0 0 0 0 0 0 0 
0 1 0 0 0 0 0 0 
0 0 1 0 0 0 0 0 
0 0 0 1 0 0 0 0 
0 0 0 0 -0.999988 0.00490659 -2.0452e-06 -1.01399e-10 
0 0 0 0 0.00490659 0.999988 5.01752e-09 2.48764e-13 
0 0 0 0 -2.0452e-06 5.01752e-09 1 -1.03692e-16 
0 0 0 0 -1.01399e-10 2.48764e-13 -1.03692e-16 1 


1 0 0 0 0 0 0 0 
0 1 0 0 0 0 0 0 
0 0 1 0 0 0 0 0 
0 0 0 1 0 0 0 0 
0 0 0 0 1 0 0 0 
0 0 0 0 0 -1 0.000939858 -1.06919e-08 
0 0 0 0 0 0.000939858 1 5.02442e-12 
0 0 0 0 0 -1.06919e-08 5.02442e-12 1 


1 0 0 0 0 0 0 0 
0 1 0 0 0 0 0 0 
0 0 1 0 0 0 0 0 
0 0 0 1 0 0 0 0 
0 0 0 0 1 0 0 0 
0 0 0 0 0 1 0 0 
0 0 0 0 0 0 -1 7.32681e-05 
0 0 0 0 0 0 7.32681e-05 1 


-0.999953 0.00972303 -0.000108354 1.01299e-06 -2.33438e-09 3.87078e-12 -3.20497e-16 1.36608e-20 
0.00972303 0.999953 5.26776e-07 -4.92479e-09 1.13489e-11 -1.88183e-14 1.55814e-18 -6.64137e-23 
-0.000108354 5.26776e-07 1 5.4882e-11 -1.26472e-13 2.09712e-16 -1.73639e-20 7.40116e-25 
1.01299e-06 -4.92479e-09 5.4882e-11 1 1.18238e-15 -1.96058e-18 1.62334e-22 -6.9193e-27 
-2.33438e-09 1.13489e-11 -1.26472e-13 1.18238e-15 1 4.51805e-21 -3.74091e-25 1.59451e-29 
3.87078e-12 -1.88183e-14 2.09712e-16 -1.96058e-18 4.51805e-21 1 6.20302e-28 -2.64396e-32 
-3.20497e-16 1.55814e-18 -1.73639e-20 1.62334e-22 -3.74091e-25 6.20302e-28 1 2.18918e-36 
1.36608e-20 -6.64137e-23 7.40116e-25 -6.9193e-27 1.59451e-29 -2.64396e-32 2.18918e-36 1 


1 0 0 0 0 0 0 0 
0 -0.999937 0.0112611 -8.84743e-05 1.60133e-07 -1.84584e-10 -8.13596e-15 -9.32208e-19 
0 0.0112611 0.999937 4.98173e-07 -9.01662e-10 1.03934e-12 4.58113e-17 5.24899e-21 
0 -8.84743e-05 4.98173e-07 1 7.08404e-12 -8.16573e-15 -3.59923e-19 -4.12395e-23 
0 1.60133e-07 -9.01662e-10 7.08404e-12 1 1.47794e-17 6.51438e-22 7.46409e-26 
0 -1.84584e-10 1.03934e-12 -8.16573e-15 1.47794e-17 1 -7.50908e-25 -8.60381e-29 
0 -8.13596e-15 4.58113e-17 -3.59923e-19 6.51438e-22 -7.50908e-25 1 -3.79233e-33 
0 -9.32208e-19 5.24899e-21 -4.12395e-23 7.46409e-26 -8.60381e-29 -3.79233e-33 1 


1 0 0 0 0 0 0 0 
0 1 0 0 0 0 0 0 
0 0 -0.999954 0.0096227 -1.87565e-05 2.21497e-08 1.08416e-12 1.16709e-16 
0 0 0.0096227 0.999954 9.02461e-08 -1.06573e-10 -5.21639e-15 -5.61541e-19 
0 0 -1.87565e-05 9.02461e-08 1 2.0773e-13 1.01677e-17 1.09455e-21 
0 0 2.21497e-08 -1.06573e-10 2.0773e-13 1 -1.20072e-20 -1.29257e-24 
0 0 1.08416e-12 -5.21639e-15 1.01677e-17 -1.20072e-20 1 -6.32671e-29 
0 0 1.16709e-16 -5.61541e-19 1.09455e-21 -1.29257e-24 -6.32671e-29 1 


1 0 0 0 0 0 0 0 
0 1 0 0 0 0 0 0 
0 0 1 0 0 0 0 0 
0 0 0 -0.999996 0.00282984 -4.7374e-06 2.38506e-10 -2.06596e-14 
0 0 0 0.00282984 0.999996 6.70304e-09 -3.37467e-13 2.92318e-17 
0 0 0 -4.7374e-06 6.70304e-09 1 5.64951e-16 -4.89366e-20 
0 0 0 2.38506e-10 -3.37467e-13 5.64951e-16 1 2.46373e-24 
0 0 0 -2.06596e-14 2.92318e-17 -4.89366e-20 2.46373e-24 1 


1 0 0 0 0 0 0 0 
0 1 0 0 0 0 0 0 
0 0 1 0 0 0 0 0 
0 0 0 1 0 0 0 0 
0 0 0 0 -0.999996 0.00272077 -4.89028e-07 7.03019e-12 
0 0 0 0 0.00272077 0.999996 6.65267e-10 -9.56376e-15 
0 0 0 0 -4.89028e-07 6.65267e-10 1 1.71898e-18 
0 0 0 0 7.03019e-12 -9.56376e-15 1.71898e-18 1 


1 0 0 0 0 0 0 0 
0 1 0 0 0 0 0 0 
0 0 1 0 0 0 0 0 
0 0 0 1 0 0 0 0 
0 0 0 0 1 0 0 0 
0 0 0 0 0 -1 0.000405258 1.33631e-09 
0 0 0 0 0 0.000405258 1 -2.70775e-13 
0 0 0 0 0 1.33631e-09 -2.70775e-13 1 


1 0 0 0 0 0 0 0 
0 1 0 0 0 0 0 0 
0 0 1 0 0 0 0 0 
0 0 0 1 0 0 0 0 
0 0 0 0 1 0 0 0 
0 0 0 0 0 1 0 0 
0 0 0 0 0 0 -1 -2.12435e-05 
0 0 0 0 0 0 -2.12435e-05 1 


-0.999975 0.00711704 -5.58795e-05 3.49045e-07 -4.52385e-10 4.15867e-13 -1.48403e-17 -1.83506e-22 
0.00711704 0.999975 1.98851e-07 -1.2421e-09 1.60984e-12 -1.47989e-15 5.28103e-20 6.53018e-25 
-5.58795e-05 1.98851e-07 1 9.75235e-12 -1.26397e-14 1.16194e-17 -4.14641e-22 -5.12718e-27 
3.49045e-07 -1.2421e-09 9.75235e-12 1 7.89524e-17 -7.2579e-20 2.59e-24 3.20263e-29 
-4.52385e-10 1.60984e-12 -1.26397e-14 7.89524e-17 1 9.40672e-23 -3.35682e-27 -4.15083e-32 
4.15867e-13 -1.47989e-15 1.16194e-17 -7.2579e-20 9.40672e-23 1 3.08584e-30 3.81575e-35 
-1.48403e-17 5.28103e-20 -4.14641e-22 2.59e-24 -3.35682e-27 3.08584e-30 1 -1.36166e-39 
-1.83506e-22 6.53018e-25 -5.12718e-27 3.20263e-29 -4.15083e-32 3.81575e-35 -1.36166e-39 1 


1 0 0 0 0 0 0 0 
0 -0.999969 0.00793403 -4.1649e-05 4.23947e-08 -2.7087e-11 -5.16274e-16 1.71065e-20 
0 0.00793403 0.999969 1.65225e-07 -1.68183e-10 1.07456e-13 2.0481e-18 -6.78629e-23 
0 -4.1649e-05 1.65225e-07 1 8.82862e-13 -5.64081e-16 -1.07513e-20 3.5624e-25 
0 4.23947e-08 -1.68183e-10 8.82862e-13 1 5.74182e-19 1.09438e-23 -3.62619e-28 
0 -2.7087e-11 1.07456e-13 -5.64081e-16 5.74182e-19 1 -6.99226e-27 2.31686e-31 
